480

596 81 30 2
590 234 53 4
536 210 51 4
529 78 14 1
495 166 14 1
488 1 57 4
318 202 98 4
308 74 73 4
291 54 87 5
282 186 93 4
271 49 66 4
263 58 71 4
242 199 45 4
228 165 53 4
190 138 24 3
178 137 61 4
149 93 89 4
107 121 31 3
81 117 93 4
66 181 107 5
596 47 170 24 2
590 555 85 40 4
564 583 187 30 4
564 582 33 17 4
564 581 125 12 4
561 574 53 20 4
561 572 94 12 4
561 571 209 17 4
561 570 20 16 4
536 594 211 18 4
529 172 2 9 1
519 540 82 7 4
519 539 228 6 4
519 538 168 21 4
495 382 60 15 1
488 138 189 32 4
485 507 15 32 4
485 504 167 16 4
430 433 35 14 4
430 431 43 20 4
395 420 112 4 4
395 418 65 35 4
395 416 119 12 4
365 374 226 24 4
365 370 76 32 4
324 342 63 34 4
321 333 145 22 4
321 331 25 15 4
321 330 204 3 4
321 329 3 8 4
321 328 103 12 4
318 489 106 8 4
318 234 177 18 4
308 65 190 35 4
291 370 76 17 5
291 336 68 17 5
291 137 214 27 5
282 197 39 31 4
275 287 230 31 4
275 285 5 8 4
275 280 41 47 4
271 375 237 29 4
271 139 217 15 4
269 553 231 38 4
269 497 130 20 4
269 39 105 19 4
263 567 17 31 4
263 364 4 23 4
257 197 39 50 4
257 32 96 12 4
242 583 187 27 4
242 504 167 16 4
242 338 46 17 4
228 572 94 13 4
228 389 129 5 4
228 259 196 23 4
228 256 213 29 4
225 230 84 26 4
225 229 55 8 4
225 227 66 14 4
190 21 150 25 3
186 197 39 6 4
186 194 173 29 4
186 193 218 29 4
186 192 156 19 4
178 453 122 19 4
178 160 22 38 4
149 572 94 24 4
133 151 174 17 4
133 150 195 19 4
132 148 148 19 4
132 147 100 16 4
132 146 73 24 4
131 141 45 25 4
131 140 160 49 4
107 59 38 32 3
87 99 146 12 4
87 98 23 34 4
87 96 116 21 4
87 95 162 47 4
85 88 36 37 4
66 114 185 30 5
64 84 71 28 4
64 83 224 15 4
51 56 238 23 4
51 54 80 20 4
51 53 220 18 4
35 41 191 16 4
35 39 105 24 4
35 38 69 49 4
596 452 387 57 10 2
564 584 577 0 3 4
564 562 577 0 5 4
564 562 576 120 12 4
564 562 575 24 10 4
564 211 220 52 13 4
564 0 9 227 11 4
564 0 8 133 7 4
561 574 465 10 21 4
561 569 209 232 20 4
561 562 575 24 7 4
561 560 567 17 9 4
561 560 566 7 3 4
536 518 535 176 9 4
536 518 534 34 3 4
536 518 533 203 8 4
536 518 532 159 13 4
529 517 530 13 5 1
519 546 555 85 10 4
519 546 554 135 9 4
519 517 530 13 13 4
519 516 527 77 33 4
519 516 526 48 5 4
519 515 524 157 20 4
519 515 522 115 1 4
495 483 499 14 4 1
488 481 490 32 16 4
488 481 489 106 20 4
485 505 490 32 21 4
485 483 499 14 17 4
485 436 446 200 3 4
485 4 23 140 22 4
480 587 599 111 2 4
480 483 499 14 13 4
480 482 491 18 7 4
480 270 274 75 35 4
480 235 248 51 5 4
480 235 247 61 22 4
480 235 244 127 4 4
437 450 420 112 9 4
437 439 459 154 2 4
437 438 453 122 16 4
437 436 446 200 12 4
437 435 444 88 6 4
437 435 443 83 5 4
437 306 316 219 7 4
437 103 122 8 2 4
437 60 71 179 13 4
430 520 543 147 2 4
430 463 479 104 18 4
430 463 476 12 7 4
430 460 466 151 23 4
430 460 465 10 7 4
430 305 313 59 9 4
430 212 222 28 2 4
430 212 221 158 4 4
430 165 174 87 19 4
396 547 557 113 6 4
396 481 489 106 5 4
396 397 429 6 3 4
396 394 411 208 6 4
396 393 409 107 6 4
396 393 408 197 10 4
396 391 405 98 6 4
396 390 403 89 28 4
396 390 400 11 3 4
396 390 398 118 7 4
395 436 446 200 7 4
395 418 521 163 1 4
395 415 459 154 24 4
395 415 71 179 16 4
395 393 408 197 5 4
392 460 465 10 3 4
392 460 464 139 18 4
392 407 148 148 30 4
392 397 429 6 9 4
392 391 405 98 1 4
392 60 71 179 8 4
392 60 70 97 10 4
365 462 472 101 11 4
365 372 470 109 30 4
365 367 376 90 6 4
365 187 201 178 4 4
351 563 580 42 4 4
351 563 578 132 15 4
351 368 381 235 20 4
351 368 380 40 4 4
351 368 379 131 6 4
351 187 201 178 9 4
351 187 200 27 9 4
351 167 179 184 5 4
324 347 575 24 4 4
324 346 479 104 20 4
324 346 69 212 16 4
324 344 449 193 5 4
324 156 163 207 24 4
324 134 154 188 15 4
321 335 577 0 19 4
321 334 330 204 15 4
321 26 34 86 21 4
321 26 33 29 9 4
320 546 554 135 4 4
320 462 472 101 18 4
320 460 464 139 4 4
320 326 141 45 20 4
320 325 348 229 21 4
320 63 82 198 35 4
318 231 342 63 1 4
308 305 313 59 2 4
308 305 312 64 1 4
300 435 443 83 3 4
300 368 379 131 11 4
300 350 354 143 2 4
300 322 336 68 1 4
300 304 522 115 6 4
300 304 398 118 18 4
300 303 522 115 22 4
300 302 122 8 7 4
300 236 252 142 1 4
300 100 114 185 9 4
300 62 77 37 20 4
300 36 45 239 1 4
291 277 290 92 2 5
276 352 364 4 24 4
276 278 296 114 5 4
276 130 139 217 7 4
275 278 296 114 16 4
275 278 294 21 23 4
269 241 267 201 9 4
257 434 128 124 20 4
257 238 258 236 7 4
257 238 255 50 27 4
242 583 328 103 15 4
242 235 244 127 5 4
228 256 38 69 2 4
225 278 294 21 10 4
225 230 507 15 2 4
225 211 220 52 6 4
225 187 200 27 5 4
225 168 180 26 8 4
225 130 139 217 2 4
225 130 135 161 6 4
225 26 33 29 13 4
225 26 32 96 14 4
190 185 191 149 2 3
186 545 553 231 2 4
186 545 550 128 34 4
186 196 514 9 6 4
178 166 177 144 2 4
149 109 409 107 7 4
149 109 405 98 3 4
133 520 543 147 14 4
133 520 542 223 12 4
133 520 541 153 6 4
133 188 203 180 3 4
133 151 433 35 17 4
132 226 234 177 1 4
132 226 233 79 20 4
132 147 77 37 3 4
132 25 28 205 6 4
131 142 499 14 8 4
131 26 32 96 1 4
107 100 114 185 6 3
107 100 113 182 15 3
102 463 476 12 5 4
102 210 213 152 4 4
102 105 128 124 7 4
102 104 127 56 8 4
102 104 125 72 11 4
102 104 124 44 12 4
102 100 113 182 6 4
102 61 73 136 9 4
101 560 566 7 9 4
101 116 581 125 9 4
101 115 312 64 18 4
101 103 122 8 15 4
101 103 119 171 20 4
101 100 113 182 8 4
101 100 112 110 8 4
101 100 108 222 10 4
87 520 541 153 11 4
85 189 209 232 37 4
85 189 208 155 2 4
85 89 108 222 35 4
85 88 472 101 2 4
85 26 32 96 8 4
81 475 333 145 19 4
81 219 341 16 13 4
66 565 95 162 5 5
66 175 150 195 6 5
66 60 70 97 2 5
64 155 160 22 13 4
64 62 77 37 9 4
64 62 75 216 4 4
64 60 70 97 12 4
64 60 67 95 19 4
64 26 32 96 1 4
64 26 31 215 12 4
51 435 443 83 3 4
51 56 533 203 7 4
51 36 45 239 11 4
51 0 8 133 16 4
51 0 6 91 15 4
51 0 5 102 12 4
50 484 501 233 7 4
50 369 389 129 22 4
50 369 387 57 14 4
50 240 262 67 21 4
50 240 261 194 24 4
50 86 94 169 28 4
50 86 93 141 3 4
35 545 550 128 14 4
35 545 549 108 1 4
35 42 280 41 21 4
596 586 597 296 114 2 2
596 47 37 46 134 2 2
590 585 369 387 57 29 4
590 585 369 386 62 2 4
564 307 545 549 108 5 4
536 518 516 526 48 17 4
529 172 165 174 87 4 1
485 508 153 82 198 1 4
485 486 511 254 221 8 4
485 486 510 194 173 3 4
485 4 545 549 108 2 4
480 587 236 252 142 8 4
480 482 492 209 232 7 4
480 461 1 13 47 3 4
480 270 560 566 7 2 4
437 438 452 387 57 9 4
437 306 517 530 13 6 4
396 547 517 530 13 6 4
396 547 517 528 164 19 4
396 547 483 499 14 1 4
396 422 568 331 25 1 4
396 394 413 429 6 11 4
395 436 439 459 154 7 4
395 393 408 580 42 2 4
395 393 390 398 118 12 4
392 561 560 566 7 13 4
392 397 428 259 196 3 4
365 373 243 258 236 18 4
351 361 569 209 232 6 4
351 270 545 549 108 3 4
351 270 435 443 83 4 4
351 270 435 442 70 5 4
351 270 435 440 225 7 4
351 167 305 312 64 6 4
351 167 305 310 99 16 4
324 346 479 229 55 2 4
324 156 545 549 108 1 4
324 134 154 139 217 1 4
320 546 555 68 30 5 4
320 462 473 493 123 8 4
320 63 60 67 95 1 4
300 368 367 376 90 2 4
300 322 515 522 115 13 4
300 322 515 521 163 9 4
282 275 278 294 21 1 4
276 306 517 528 164 7 4
276 306 323 340 172 17 4
276 306 323 339 206 2 4
276 306 37 46 134 3 4
271 270 435 440 225 6 4
271 270 2 18 31 9 4
269 497 483 499 14 1 4
269 497 483 493 123 8 4
257 238 256 38 69 5 4
225 230 507 9 227 7 4
225 212 278 294 21 4 4
190 185 305 310 99 1 3
190 185 62 75 216 1 3
178 166 175 150 195 5 4
149 81 219 341 16 2 4
133 188 204 299 192 24 4
133 188 36 45 239 9 4
132 25 27 113 182 7 4
131 486 510 194 173 9 4
102 463 476 577 0 12 4
102 463 277 290 92 8 4
102 210 350 354 143 5 4
102 210 350 353 126 8 4
102 105 211 216 19 1 4
102 104 390 398 118 9 4
101 306 37 46 134 4 4
101 270 2 18 31 7 4
101 270 2 16 175 11 4
101 105 211 216 19 3 4
101 103 100 108 222 1 4
85 189 207 443 83 4 4
64 155 545 549 108 5 4
64 26 33 31 215 7 4
50 240 265 389 129 4 4
536 594 586 597 296 114 5 4
529 172 165 170 274 75 6 1
495 382 368 367 376 90 2 1
480 587 236 251 113 182 17 4
437 438 547 483 493 123 2 4
437 438 518 516 526 48 12 4
437 438 518 516 525 183 2 4
437 438 35 42 280 41 6 4
437 225 212 278 294 21 2 4
437 225 187 202 222 28 5 4
437 225 187 201 524 157 2 4
437 225 168 184 174 87 7 4
396 481 165 170 274 75 6 4
396 394 87 520 541 153 1 4
392 395 393 390 398 118 4 4
392 225 168 184 174 87 9 4
392 225 130 545 549 108 9 4
392 225 130 136 514 9 2 4
351 563 578 202 222 28 6 4
324 156 4 545 549 108 3 4
320 460 462 473 493 123 3 4
320 430 586 597 296 114 1 4
320 63 4 24 514 9 3 4
308 206 189 207 443 83 14 4
276 438 35 42 280 41 4 4
269 241 240 265 389 129 6 4
269 241 240 265 267 201 1 4
269 241 240 264 216 19 13 4
269 241 166 175 150 195 10 4
190 185 305 367 376 90 2 3
190 185 305 314 287 230 14 3
190 185 189 207 443 83 3 3
190 185 155 100 108 222 4 3
190 185 62 76 550 128 1 3
133 188 204 299 139 217 4 4
132 25 546 555 68 30 3 4
132 25 546 237 254 221 24 4
131 486 512 492 209 232 4 4
131 430 586 597 296 114 11 4
131 430 212 223 379 131 6 4
131 430 165 170 274 75 12 4
102 61 270 2 16 175 10 4
101 105 211 219 341 16 2 4
50 484 502 479 229 55 1 4
590 585 369 384 455 280 41 1 4
392 395 436 439 457 542 223 5 4
321 366 369 384 455 280 41 1 4
320 63 4 545 553 464 139 2 4
276 480 587 236 251 113 182 10 4
276 480 587 168 184 174 87 5 4
276 480 587 168 180 119 171 3 4
276 480 461 1 237 254 221 2 4
276 480 461 1 2 16 175 2 4
276 438 547 483 494 443 83 2 4
276 438 518 238 256 38 69 1 4
276 352 484 502 479 229 55 13 4
257 434 430 165 170 274 75 4 4
190 185 188 204 299 139 217 9 3
190 185 155 545 553 464 139 2 3
190 185 155 545 552 95 162 1 3
190 21 3 0 5 534 34 7 3
132 226 436 439 457 542 223 1 4
107 59 51 0 5 534 34 1 3
102 463 277 292 492 209 232 6 4
102 210 155 545 552 95 162 3 4
392 561 560 566 230 507 9 227 1 4
276 480 587 168 184 470 112 110 1 4
276 480 461 1 270 2 16 175 2 4
276 438 86 305 367 376 38 69 3 4
276 438 86 305 314 287 339 206 3 4
276 352 484 502 479 229 446 200 5 4
132 25 560 566 230 507 9 227 1 4
107 59 51 0 6 253 532 159 4 3
102 210 155 160 292 492 209 232 1 4
50 25 560 566 230 507 9 227 1 4
276 438 518 306 317 314 287 339 206 3 4
276 480 461 1 270 560 566 230 507 9 227 1 4
