970

1169 153 47 4
1138 176 40 3
1100 138 88 4
1022 383 73 4
1018 27 31 2
1003 248 59 3
990 56 138 5
985 250 38 2
929 275 59 4
912 260 117 5
901 402 58 3
899 164 50 4
843 141 51 4
826 175 57 4
818 116 71 5
760 61 55 4
758 335 74 5
747 64 81 5
705 119 47 4
662 349 23 2
642 195 38 3
638 46 48 4
623 3 65 5
619 99 35 3
547 309 29 3
492 225 9 1
491 145 46 4
488 336 41 3
485 82 61 4
479 212 45 4
402 243 74 5
394 198 31 2
374 121 53 4
360 58 13 2
354 339 15 2
337 239 88 5
333 211 45 4
328 107 50 4
240 49 26 2
234 186 63 5
233 444 22 3
204 333 34 3
156 420 45 4
137 468 51 4
110 68 26 2
98 47 35 3
1169 447 441 31 4
1138 766 45 21 3
1018 494 93 11 2
990 1170 96 12 5
929 232 55 44 4
912 445 5 33 5
901 597 125 4 3
899 893 7 22 4
899 433 133 13 4
826 909 278 10 4
818 676 213 9 5
818 512 159 38 5
758 431 57 12 5
747 1129 36 28 5
747 568 320 35 5
722 444 236 47 2
705 840 377 20 4
662 658 123 2 2
662 357 106 13 2
642 493 277 23 3
638 831 268 21 4
623 688 375 39 5
623 335 98 30 5
619 941 78 28 3
547 942 391 26 3
547 351 158 23 3
521 319 411 23 1
492 149 72 31 1
491 614 301 20 4
488 1041 104 24 3
488 584 395 27 3
485 1118 139 13 4
479 731 122 42 4
479 463 62 20 4
455 458 479 5 5
455 457 415 24 5
455 456 319 23 5
428 446 308 15 5
428 445 5 13 5
428 444 236 7 5
428 443 19 18 5
402 225 193 16 5
402 205 230 27 5
394 594 403 9 2
360 796 113 30 2
354 424 240 29 2
337 877 215 13 5
337 176 63 34 5
333 595 477 31 4
299 1152 66 43 4
299 1151 205 46 4
299 1139 334 36 4
290 298 428 14 5
290 295 179 10 5
290 294 255 10 5
272 284 462 25 5
272 283 305 17 5
240 1134 366 22 2
235 243 351 25 5
235 242 417 16 5
235 239 95 16 5
233 230 254 22 3
233 34 67 2 3
231 670 192 41 3
204 97 289 33 3
183 199 196 15 5
183 198 408 12 5
183 197 84 6 5
183 195 50 28 5
156 1120 406 29 4
154 174 184 16 5
154 173 329 23 5
154 172 252 24 5
154 170 233 5 5
137 590 126 40 4
110 117 234 23 2
98 1031 59 15 3
62 85 330 16 5
62 82 355 19 5
62 80 374 22 5
62 78 226 6 5
62 77 331 2 5
41 50 218 7 5
41 48 155 31 5
14 1077 274 41 3
5 36 35 3 5
5 34 67 4 5
5 33 466 11 5
1169 1160 1170 96 14 4
1138 1127 1139 334 2 3
1138 746 621 293 1 3
1100 1083 1099 447 17 4
1050 1080 1091 202 14 5
1050 1080 1089 130 9 5
1050 861 871 397 11 5
1050 775 778 174 3 5
1050 646 654 206 4 5
1050 646 652 100 2 5
1050 526 529 454 19 5
1050 257 269 86 5 5
1022 976 1024 1 26 4
1022 976 1021 190 16 4
1018 974 1016 294 15 2
1003 971 1005 337 4 3
1003 971 1004 473 16 3
1003 768 704 270 14 3
985 967 989 318 15 2
985 967 988 191 6 2
985 967 987 182 6 2
929 921 928 445 10 4
929 327 785 431 11 4
901 883 902 379 5 3
899 883 897 469 6 4
899 883 895 74 3 4
843 890 903 458 47 4
843 836 841 273 10 4
835 1082 1096 161 1 5
835 1082 1095 42 15 5
835 837 848 221 10 5
835 837 847 452 4 5
835 775 778 174 19 5
835 775 777 0 21 5
835 775 776 32 6 5
835 667 684 350 9 5
835 500 524 256 1 5
835 365 371 227 1 5
835 365 370 390 12 5
835 341 347 399 7 5
826 805 828 388 11 4
826 805 827 381 2 4
826 805 825 474 7 4
826 352 468 359 10 4
818 803 821 229 19 5
818 803 820 41 10 5
804 1087 1119 286 8 5
804 860 868 267 15 5
804 860 866 149 8 5
804 855 859 453 4 5
804 782 797 418 33 5
804 737 754 276 6 5
804 737 752 404 1 5
804 735 745 358 13 5
804 695 701 200 10 5
804 535 542 461 21 5
804 535 540 13 4 5
760 739 762 410 15 4
758 990 1170 96 38 5
758 990 850 356 3 5
758 738 759 181 9 5
758 738 755 228 11 5
758 431 992 25 3 5
747 736 751 295 6 5
722 716 723 144 2 2
722 716 721 363 13 2
705 697 711 405 4 4
705 586 506 111 13 4
690 1141 1155 343 19 5
690 1141 1152 66 22 5
690 1141 1151 205 1 5
690 698 713 214 7 5
690 698 712 269 8 5
690 691 190 326 17 5
690 536 546 21 2 5
690 496 510 448 10 5
690 416 422 467 1 5
690 405 411 464 1 5
690 405 410 110 29 5
690 405 409 22 18 5
690 405 408 136 1 5
690 367 379 124 5 5
690 367 378 317 2 5
690 155 179 156 7 5
645 1142 1157 11 17 5
645 952 963 60 21 5
645 952 962 140 4 5
645 905 908 394 13 5
645 726 733 249 20 5
645 726 732 353 27 5
645 497 515 38 11 5
645 356 364 451 11 5
645 320 326 386 10 5
645 320 325 162 13 5
623 580 627 409 2 5
623 335 914 88 14 5
619 579 621 293 8 3
619 579 620 416 4 3
583 1001 609 413 38 1
583 570 584 395 9 1
578 1164 1186 470 18 5
578 906 914 88 10 5
578 906 913 400 5 5
578 616 52 340 41 5
578 615 111 306 16 5
578 580 627 409 16 5
578 580 626 292 21 5
578 580 624 43 1 5
578 580 622 129 8 5
578 577 614 301 7 5
578 574 603 263 7 5
575 606 1105 167 29 5
575 582 633 298 15 5
575 582 631 449 14 5
575 582 630 79 21 5
575 581 629 54 5 5
575 570 584 395 1 5
575 460 466 143 16 5
575 301 310 463 18 5
575 301 308 187 15 5
571 969 995 210 19 5
571 969 994 80 4 5
571 920 924 173 7 5
571 920 923 51 6 5
571 577 614 301 3 5
571 577 612 315 10 5
571 577 610 258 2 5
571 577 609 413 3 5
571 574 603 263 14 5
571 572 592 314 10 5
547 536 546 21 5 3
547 536 545 132 2 3
537 1065 1069 183 9 5
537 971 1004 473 28 5
537 801 815 31 6 5
537 801 814 8 11 5
537 801 813 137 8 5
537 574 603 263 7 5
537 416 422 467 13 5
537 302 315 29 8 5
537 151 164 352 14 5
525 1143 1159 203 8 5
525 976 1021 190 3 5
525 906 913 400 5 5
525 905 908 394 20 5
525 536 545 132 4 5
525 405 408 136 13 5
525 356 364 451 1 5
525 237 252 44 8 5
525 237 251 279 21 5
525 237 250 459 1 5
525 237 249 146 20 5
525 236 246 300 13 5
521 498 519 272 3 1
521 498 518 465 1 1
499 830 834 324 17 5
499 738 755 228 1 5
499 368 384 128 4 5
499 184 203 89 13 5
491 473 489 341 8 4
491 473 487 20 4 4
488 1041 847 452 2 3
479 675 378 317 5 4
479 472 483 281 4 4
471 803 820 41 16 5
471 390 393 338 9 5
471 366 377 344 13 5
471 257 269 86 23 5
470 1161 1174 287 2 5
470 1161 1173 199 6 5
470 1066 1073 52 15 5
470 1028 1046 180 2 5
470 1028 1045 422 11 5
470 937 949 434 2 5
470 668 688 375 11 5
470 477 371 227 16 5
470 472 483 281 2 5
470 405 408 136 3 5
470 405 407 117 1 5
470 270 274 362 3 5
455 855 859 453 7 5
455 855 856 430 3 5
455 579 620 416 2 5
455 553 569 75 11 5
455 498 518 465 19 5
455 459 1010 299 10 5
455 302 315 29 11 5
455 302 314 265 25 5
455 133 148 134 8 5
455 133 147 369 2 5
428 1166 1193 433 14 5
428 1088 1122 171 1 5
428 1088 1121 90 30 5
428 861 871 397 12 5
428 210 217 437 16 5
374 632 244 242 8 4
374 366 377 344 11 4
374 366 376 262 24 4
374 366 373 2 8 4
360 355 361 332 11 2
354 342 351 158 6 2
333 322 332 303 13 4
328 321 330 378 17 4
291 1164 1184 280 1 5
291 920 923 51 11 5
291 775 776 32 10 5
291 715 719 325 30 5
291 715 717 91 2 5
291 152 168 201 33 5
291 152 167 34 9 5
290 1087 1119 286 23 5
290 1087 1116 224 8 5
290 1026 1034 472 4 5
290 951 957 10 16 5
290 951 956 71 12 5
290 801 813 137 12 5
290 298 654 206 2 5
272 970 996 92 11 5
272 302 314 265 11 5
272 302 312 398 10 5
272 281 603 263 11 5
272 236 246 300 7 5
272 236 245 6 24 5
272 120 122 310 12 5
271 1067 1079 427 15 5
271 1027 1037 396 12 5
271 1027 1035 223 4 5
271 950 953 271 30 5
271 937 949 434 7 5
271 937 946 476 21 5
271 803 820 41 3 5
271 803 817 284 1 5
271 782 797 418 6 5
271 782 796 113 7 5
271 426 439 9 14 5
271 385 389 347 20 5
238 697 711 405 9 5
238 655 658 123 7 5
238 460 466 143 13 5
238 340 343 85 4 5
238 184 203 89 2 5
238 184 202 407 20 5
238 184 201 438 11 5
238 121 129 131 4 5
235 1140 1149 235 21 5
235 1125 1129 36 4 5
235 1125 1128 283 9 5
235 936 945 380 6 5
235 936 944 475 4 5
235 936 943 368 21 5
235 935 941 78 3 5
235 935 939 364 3 5
235 696 704 270 7 5
235 495 504 296 12 5
235 495 503 178 3 5
234 990 850 356 17 5
234 644 19 311 17 5
234 214 232 55 26 5
234 214 229 345 10 5
234 214 228 102 11 5
233 214 228 102 1 3
223 617 792 188 42 1
223 212 225 193 3 1
211 975 1019 81 4 5
211 855 856 430 8 5
211 696 704 270 22 5
211 696 703 367 12 5
211 655 658 123 2 5
211 646 652 100 9 5
211 646 651 24 2 5
211 355 361 332 29 5
211 355 358 457 9 5
204 185 207 429 11 3
183 970 996 92 6 5
183 907 919 426 7 5
183 196 252 44 21 5
183 181 191 297 8 5
183 181 190 326 23 5
180 783 799 261 25 5
180 716 721 363 3 5
180 460 466 143 11 5
180 460 464 321 16 5
180 415 420 251 3 5
180 415 417 189 1 5
180 273 288 424 17 5
180 60 72 103 3 5
180 60 71 419 26 5
156 1148 252 44 1 4
156 1148 239 95 21 4
156 685 676 213 3 4
154 270 274 362 7 5
154 174 1120 406 8 5
154 171 785 431 29 5
154 155 179 156 7 5
154 155 178 40 7 5
154 152 167 34 9 5
153 1067 1079 427 6 5
153 1067 1078 313 15 5
153 973 1012 112 1 5
153 780 789 478 11 5
153 552 568 320 3 5
153 552 567 370 3 5
153 498 518 465 4 5
153 498 517 392 27 5
153 392 403 209 6 5
137 131 140 302 3 4
130 1141 1151 205 8 5
130 1027 1035 223 7 5
130 740 1069 183 16 5
130 270 274 362 1 5
130 132 144 185 7 5
130 107 119 217 1 5
130 107 114 197 10 5
130 107 113 327 12 5
110 106 111 306 9 2
105 1162 1181 115 11 5
105 1162 1180 401 16 5
105 1162 1178 14 14 5
105 973 1012 112 24 5
105 805 825 474 15 5
105 551 560 316 1 5
105 385 389 347 11 5
98 67 102 365 12 3
98 67 97 289 1 3
98 67 96 266 9 3
63 880 887 361 39 5
63 88 568 320 4 5
63 68 104 76 28 5
62 970 996 92 9 5
62 430 454 307 3 5
62 84 1024 1 28 5
62 66 95 371 22 5
62 61 74 109 4 5
43 1085 1109 69 40 5
43 1051 1056 77 7 5
43 952 962 140 15 5
43 697 711 405 3 5
43 697 707 237 3 5
43 655 658 123 5 5
43 526 529 454 8 5
43 121 129 131 9 5
43 121 127 360 2 5
43 42 54 160 1 5
41 496 510 448 1 5
41 472 483 281 2 5
41 429 449 231 9 5
41 429 448 16 2 5
41 429 447 441 9 5
41 255 262 382 6 5
41 255 261 12 16 5
41 255 259 421 8 5
41 50 1105 167 1 5
41 42 54 160 12 5
41 42 52 340 9 5
40 906 913 400 7 5
40 906 911 442 4 5
40 860 866 149 3 5
40 860 865 28 4 5
40 860 864 151 13 5
40 668 688 375 4 5
40 236 245 6 16 5
40 212 225 193 3 5
40 212 221 238 16 5
40 212 219 48 9 5
40 65 94 157 16 5
40 45 982 232 11 5
14 1 17 154 3 3
14 1 16 101 26 3
14 1 15 177 21 3
7 783 799 261 2 5
7 698 712 269 12 5
7 655 658 123 8 5
7 4 31 425 10 5
7 3 26 18 5 5
7 3 24 53 13 5
7 2 19 311 8 5
7 2 18 108 12 5
7 0 11 65 1 5
7 0 10 30 16 5
6 976 1021 190 10 5
6 880 887 361 5 5
6 725 728 446 7 5
6 725 727 152 9 5
6 425 435 222 9 5
6 425 433 133 3 5
6 256 265 26 22 5
6 256 264 216 12 5
6 106 111 306 1 5
5 838 854 114 13 5
5 574 600 259 17 5
5 356 364 451 1 5
5 236 245 6 1 5
5 236 244 242 20 5
5 35 895 74 28 5
5 1 15 177 6 5
1169 160 151 164 352 8 4
1169 160 151 163 384 1 4
1169 160 151 162 471 12 4
1138 1127 1162 1178 14 8 3
1138 1127 1162 1176 87 20 3
1138 1127 1137 447 441 1 3
1138 1127 715 717 91 5 3
1100 672 665 673 207 1 4
1050 1080 1086 1112 33 7 5
1050 1080 181 189 208 8 5
1050 656 726 732 353 4 5
1050 656 726 731 122 11 5
1050 635 1160 1170 96 1 5
1050 635 922 934 219 5 5
1050 635 922 931 17 2 5
1050 635 366 373 2 3 5
1050 461 1029 1047 148 9 5
1050 461 967 987 182 13 5
1050 461 780 788 423 16 5
1050 461 742 773 70 1 5
1050 461 742 772 247 3 5
929 921 927 95 371 1 4
901 844 837 847 452 3 3
901 844 837 846 432 10 3
899 893 882 892 105 6 4
899 883 1143 1159 203 5 4
899 883 1143 1158 257 17 4
899 883 898 961 204 3 4
843 890 881 891 322 2 4
843 836 838 854 114 3 4
843 349 1030 856 430 12 4
835 1082 1087 1116 224 1 5
835 1082 655 658 123 1 5
835 667 682 262 382 8 5
835 500 496 510 448 6 5
835 500 391 401 389 3 5
835 341 800 809 253 6 5
826 909 906 911 442 2 4
826 909 906 910 357 8 4
818 512 496 510 448 3 5
804 836 838 854 114 4 5
804 836 213 227 264 7 5
804 802 550 554 436 4 5
804 737 735 745 358 1 5
804 737 735 743 166 7 5
804 695 805 825 474 2 5
804 535 1165 1189 246 2 5
760 1132 1126 1131 172 7 4
760 1132 1126 1130 414 2 4
760 739 426 439 9 5 4
645 320 391 401 389 2 5
642 636 952 962 140 1 3
642 636 952 961 204 2 3
642 636 643 749 244 16 3
642 636 133 147 369 2 3
638 635 366 373 2 19 4
638 635 213 226 15 12 4
619 1015 974 1016 294 5 3
619 1015 974 1014 354 5 3
575 570 584 1116 224 12 5
575 301 121 127 360 4 5
571 585 171 785 431 2 5
571 578 574 600 259 3 5
571 578 551 560 316 20 5
571 578 406 413 328 4 5
571 577 782 796 113 1 5
571 577 782 793 323 16 5
571 577 614 624 43 11 5
571 577 68 104 76 4 5
571 572 591 786 440 11 5
537 1065 1071 206 73 12 5
537 1065 715 717 91 12 5
537 971 1004 630 79 1 5
537 416 1167 1197 118 2 5
537 416 1167 1194 342 11 5
537 416 423 1180 401 8 5
525 576 581 629 54 5 5
525 576 574 600 259 6 5
525 536 543 808 4 10 5
525 416 423 1180 401 10 5
525 416 131 140 302 2 5
499 1163 1162 1176 87 10 5
499 830 1081 1093 291 2 5
499 830 340 343 85 10 5
499 830 300 307 372 4 5
499 738 1126 1130 414 4 5
499 738 756 569 75 18 5
499 738 735 743 166 6 5
499 690 155 178 40 9 5
499 461 742 772 247 5 5
499 461 467 555 120 5 5
499 368 906 910 357 5 5
499 368 862 873 393 3 5
492 474 861 871 397 3 1
492 474 493 1093 291 1 1
492 474 367 378 317 2 1
492 149 133 147 369 3 1
491 473 882 892 105 1 4
491 473 716 721 363 15 4
491 473 486 454 307 8 4
491 473 65 94 157 6 4
491 473 65 91 165 7 4
488 473 65 91 165 4 3
471 535 1165 1189 246 17 5
471 535 952 961 204 9 5
471 535 391 401 389 1 5
471 535 391 400 163 3 5
471 390 1083 1099 447 7 5
471 390 881 891 322 7 5
471 390 395 362 443 15 5
471 390 391 400 163 1 5
471 390 60 69 169 10 5
471 257 268 540 13 5 5
470 1161 1175 364 451 1 5
470 1161 1164 1184 280 21 5
470 1161 1164 1183 387 11 5
470 1066 42 52 340 4 5
470 1028 1045 876 346 3 5
470 1028 1041 847 452 1 5
470 477 29 871 397 2 5
470 405 237 249 146 7 5
470 405 237 247 282 6 5
428 1166 1193 778 174 2 5
428 1166 1191 612 315 1 5
428 1088 1123 982 232 1 5
428 830 300 307 372 2 5
428 830 300 305 245 13 5
428 830 300 304 288 5 5
402 1007 972 1010 299 13 5
394 390 60 69 169 2 2
360 983 966 982 232 10 2
354 342 655 658 123 1 2
354 342 574 600 259 9 2
354 342 574 599 37 1 2
354 342 574 597 125 4 2
333 322 907 919 426 2 4
333 322 907 917 385 12 4
328 750 736 751 295 9 4
328 750 736 749 244 19 4
328 321 496 510 448 4 4
291 920 1084 1106 39 5 5
291 920 1084 1105 167 7 5
291 775 952 961 204 14 5
291 416 131 140 302 7 5
291 416 131 139 220 9 5
291 416 131 136 373 7 5
290 830 300 304 288 3 5
290 801 1164 1183 387 4 5
290 801 811 834 324 3 5
290 801 810 80 374 10 5
290 775 952 961 204 3 5
290 297 564 454 307 5 5
272 500 391 400 163 6 5
272 500 391 398 439 1 5
272 281 603 1117 348 13 5
272 120 863 879 194 2 5
240 235 495 503 178 8 2
240 235 495 501 168 3 2
238 1025 1030 856 430 25 5
238 254 603 1117 348 18 5
238 235 495 501 168 5 5
238 235 237 247 282 6 5
233 214 1052 1061 285 8 3
233 214 1052 1060 456 21 3
233 214 1052 1059 150 3 3
231 214 1052 1059 150 1 3
231 214 391 398 439 7 3
231 214 210 217 437 14 3
211 975 1020 1109 69 21 5
211 975 967 987 182 1 5
211 855 1164 1183 387 4 5
211 646 653 561 241 16 5
211 355 937 946 476 8 5
211 355 863 879 194 1 5
211 342 574 597 125 2 5
204 185 184 201 438 1 3
204 185 184 200 142 12 3
183 1125 1129 743 166 5 5
183 1125 551 560 316 8 5
183 1125 551 558 412 11 5
180 460 1067 1078 313 4 5
180 415 881 891 322 3 5
180 273 1140 1149 235 2 5
156 1148 239 1109 69 1 4
156 150 969 994 80 15 4
154 460 1067 1077 274 5 5
154 460 462 797 418 5 5
154 175 682 262 382 5 5
153 552 1141 1151 205 8 5
153 552 564 454 307 21 5
153 552 551 558 412 7 5
153 392 862 873 393 2 5
153 392 780 788 423 3 5
153 392 666 680 312 11 5
137 1009 972 1010 299 11 4
137 1009 972 1006 455 1 4
130 1027 1036 1186 470 25 5
130 775 952 961 204 2 5
130 775 937 946 476 6 5
130 775 776 15 177 4 5
130 740 763 252 44 9 5
130 270 277 409 22 14 5
130 107 498 517 392 1 5
105 775 776 15 177 21 5
105 775 498 517 392 8 5
105 535 391 398 439 4 5
105 535 391 397 304 10 5
105 257 268 540 13 7 5
98 67 495 501 168 4 3
98 67 100 633 298 9 3
63 460 462 797 418 4 5
63 455 133 147 369 16 5
63 455 132 144 185 19 5
63 67 100 633 298 17 5
63 67 65 91 165 3 5
62 430 453 904 460 11 5
62 84 1024 283 305 1 5
62 61 68 104 76 4 5
62 61 65 91 165 1 5
43 697 1086 1112 33 8 5
43 697 742 772 247 6 5
43 526 530 654 206 30 5
41 775 498 517 392 5 5
41 472 482 701 200 12 5
41 429 800 809 253 1 5
41 322 907 917 385 1 5
40 883 898 961 204 10 5
40 342 574 597 125 6 5
7 3 24 122 310 1 5
7 0 1084 1105 167 8 5
6 880 715 717 91 8 5
6 425 432 620 416 6 5
6 425 300 304 288 1 5
6 106 427 442 450 18 5
5 460 462 797 418 4 5
1138 766 741 863 879 194 2 3
1100 672 665 862 873 393 7 4
1100 21 559 551 558 412 12 4
1022 764 741 863 879 194 10 4
1018 494 585 171 785 431 8 2
1018 494 474 367 378 317 7 2
901 757 738 735 743 166 3 3
835 1082 1087 1119 982 232 9 5
835 365 368 862 873 393 1 5
760 739 552 551 558 412 5 4
760 739 552 551 556 435 2 4
705 708 697 742 772 247 8 4
705 708 697 709 1186 470 1 4
662 656 726 800 809 253 2 2
662 656 726 800 807 290 11 2
662 656 726 734 717 91 3 2
662 656 726 732 721 363 4 2
645 320 321 496 510 448 1 5
642 636 920 1084 1105 167 3 3
642 636 920 925 1078 313 3 3
638 635 366 375 778 174 1 4
619 1015 974 965 980 23 6 3
583 1001 971 1004 630 79 3 1
547 942 936 943 278 376 9 3
521 319 303 318 856 430 4 1
499 1163 1162 1179 304 288 5 5
499 1163 1160 1167 1194 342 6 5
499 690 155 803 817 284 1 5
499 461 1029 966 982 232 10 5
488 473 882 884 904 460 2 3
485 1118 1087 1119 982 232 1 4
485 473 882 884 904 460 2 4
485 473 882 881 891 322 16 4
485 473 882 300 304 288 9 4
485 473 726 732 721 363 2 4
485 473 726 731 139 220 11 4
479 675 601 574 597 125 1 4
470 1161 1166 1191 612 315 3 5
470 1066 1165 1189 164 352 10 5
470 1066 1165 1188 703 367 2 5
470 1066 855 1164 1183 387 1 5
470 1066 341 800 807 290 4 5
402 1007 254 603 1117 348 8 5
394 594 573 580 622 129 1 2
374 632 582 631 203 89 1 4
337 323 366 375 778 174 15 5
333 791 781 922 931 17 1 4
328 469 964 952 961 204 14 4
328 469 964 952 960 127 2 4
328 469 964 952 958 83 10 4
291 416 725 727 910 357 5 5
290 951 131 497 515 38 6 5
290 830 646 653 561 241 5 5
271 950 1125 551 556 435 3 5
271 950 1125 551 555 120 4 5
240 1134 1126 922 931 17 3 2
238 235 936 943 278 376 3 5
231 670 665 862 873 393 1 3
231 214 430 453 904 460 9 3
231 214 430 451 597 125 2 3
204 185 341 800 807 290 1 3
180 415 1165 1188 703 367 2 5
180 415 355 863 879 194 10 5
180 273 1140 121 127 360 3 5
180 185 341 800 807 290 5 5
180 185 341 348 242 417 1 5
180 185 341 302 311 147 6 5
156 150 1025 1030 856 430 5 4
156 150 1025 935 939 364 5 4
153 392 780 787 373 2 12 5
153 392 666 679 1005 337 10 5
137 590 572 591 786 440 4 4
137 590 572 581 629 54 3 4
130 461 1029 966 982 232 9 5
130 461 1029 906 910 357 1 5
130 461 385 884 904 460 3 5
130 461 385 884 903 458 4 5
130 461 385 696 703 367 2 5
110 117 714 698 712 269 2 2
110 117 107 121 127 360 2 2
110 117 107 118 778 174 2 2
98 1031 1025 935 939 364 2 3
63 455 133 148 410 110 8 5
63 67 495 497 515 38 3 5
63 67 495 496 508 97 9 5
62 61 68 104 122 310 2 5
41 775 937 948 540 13 6 5
41 429 498 522 519 272 8 5
40 883 1143 863 879 194 1 5
40 883 1143 863 877 215 7 5
40 883 1143 863 876 346 7 5
40 860 570 584 1116 224 2 5
40 342 655 497 515 38 7 5
7 804 535 391 397 304 7 5
7 2 4 29 871 397 15 5
6 976 970 999 242 417 5 5
6 256 726 731 139 220 3 5
6 106 1160 1167 1194 342 1 5
6 106 655 497 515 38 2 5
6 106 427 426 439 9 2 5
5 460 1067 1075 102 365 18 5
5 356 970 999 242 417 5 5
1169 160 151 161 650 555 120 6 4
1018 494 474 861 952 958 83 1 2
901 757 738 1126 922 931 17 14 3
760 739 552 535 391 397 304 1 4
760 739 552 495 496 508 97 3 4
705 840 836 838 854 358 457 3 4
642 636 920 1084 1105 673 207 7 3
638 831 830 646 653 561 241 1 4
619 1015 974 1016 88 568 320 1 3
619 1015 974 965 966 982 232 8 3
499 1163 1162 1176 486 454 307 4 5
499 690 968 970 999 242 417 3 5
499 690 968 965 966 982 232 1 5
499 690 968 965 966 981 135 3 5
499 690 155 803 820 162 471 1 5
485 473 882 300 304 904 460 9 4
479 675 601 574 602 908 394 5 4
479 675 601 574 600 1109 69 3 4
471 525 416 131 497 515 38 3 5
471 525 416 131 497 514 94 11 5
394 594 573 580 626 111 306 1 2
394 594 573 580 625 36 35 4 2
394 390 1083 855 1164 1183 387 7 2
394 390 1083 855 121 127 360 7 2
354 424 416 131 497 514 94 5 2
333 791 781 780 787 373 2 2 4
333 595 573 580 625 36 35 10 4
271 950 1125 551 563 217 437 3 5
240 842 836 838 854 358 457 6 2
238 235 1125 551 563 217 437 7 5
238 235 936 1166 1191 612 315 1 5
238 235 936 303 318 856 430 6 5
238 235 775 921 927 95 371 1 5
233 230 214 430 451 597 125 6 3
231 670 665 862 875 797 418 2 3
231 670 665 666 679 1005 337 4 3
180 273 1140 1148 239 1109 69 1 5
180 185 341 780 787 373 2 1 5
180 185 341 302 316 957 10 7 5
130 461 1029 906 910 96 266 7 5
130 461 385 1166 1191 612 315 1 5
110 117 107 921 927 95 371 11 2
105 257 356 970 999 242 417 8 5
43 1085 460 1067 1075 102 365 4 5
43 526 920 1084 1105 673 207 9 5
41 461 385 1166 1191 612 315 4 5
40 860 570 584 1058 707 237 3 5
40 860 570 574 600 1109 69 1 5
7 804 836 838 854 358 457 4 5
7 804 695 405 237 247 282 6 5
7 690 155 803 820 162 471 5 5
7 690 155 803 819 31 425 14 5
6 256 726 732 721 658 123 4 5
6 106 655 1028 1041 847 452 3 5
6 106 655 321 496 507 170 3 5
6 106 427 440 625 36 35 5 5
6 106 427 426 437 1014 354 7 5
985 208 185 341 302 316 957 10 2 2
985 208 185 184 1027 1036 1186 470 1 2
985 87 63 67 495 496 507 170 3 2
835 271 950 1125 551 563 217 437 8 5
835 271 950 1125 551 557 939 364 1 5
826 352 342 655 321 496 507 170 1 4
826 352 342 655 321 496 506 111 9 4
760 739 950 1125 551 557 939 364 1 4
760 739 950 953 1176 486 454 307 1 4
760 739 552 535 1165 1188 703 367 3 4
705 1055 1050 1080 181 188 1059 150 2 4
705 708 697 151 161 650 555 120 7 4
638 831 830 646 653 530 654 206 2 4
638 635 830 340 780 787 373 2 2 4
638 635 830 340 780 784 717 91 4 4
485 473 974 976 970 999 242 417 1 4
402 205 185 184 1027 1036 1186 470 5 5
402 205 185 184 1027 121 127 360 7 5
394 390 1083 951 131 497 514 94 2 2
394 390 1083 951 131 142 466 143 1 2
394 390 1083 775 921 927 95 371 8 2
394 390 1083 775 498 522 519 272 2 2
354 424 416 725 727 910 96 266 1 2
234 644 636 920 1084 1105 673 207 6 5
137 1009 116 107 921 927 95 371 1 4
137 1009 116 107 498 522 519 272 6 4
137 1009 116 107 118 778 651 24 5 4
7 804 695 405 971 1004 630 79 2 5
7 0 323 366 375 778 651 24 1 5
6 106 1160 1167 1196 1124 859 453 2 5
6 106 427 426 436 486 454 307 2 5
5 0 323 366 375 778 651 24 17 5
1003 490 473 974 976 970 999 242 417 2 3
1003 490 473 882 300 302 316 957 10 1 3
901 757 738 1126 976 970 999 242 417 3 3
826 352 468 461 385 1166 1191 612 315 1 4
826 352 342 655 321 496 506 1120 406 7 4
760 739 738 1126 976 970 999 242 417 2 4
760 739 552 535 391 1165 1188 703 367 4 4
705 1055 1050 656 726 732 721 658 123 3 4
638 635 830 950 953 1176 486 454 307 2 4
638 635 830 636 920 1084 1105 673 207 5 4
238 235 936 303 318 856 486 454 307 8 5
5 0 323 366 646 653 530 654 206 2 5
760 739 738 1126 303 318 856 486 454 307 1 4
705 1055 1050 461 385 1125 551 557 939 364 3 4
705 1055 1050 461 385 884 646 653 530 654 206 4 4
