495

553 228 92 4
551 8 38 3
459 13 79 4
457 223 55 4
453 224 58 4
450 44 64 4
331 159 18 2
293 40 85 4
284 56 47 3
279 99 79 4
255 133 29 3
209 226 42 4
162 149 50 3
141 92 27 3
119 68 37 4
86 62 56 3
591 596 215 5 4
591 595 0 25 4
553 582 54 23 4
553 422 177 6 4
553 15 102 4 4
551 370 137 11 3
551 236 39 24 3
530 538 179 21 4
530 537 103 42 4
530 536 138 18 4
530 534 217 12 4
472 485 153 21 4
472 484 112 26 4
472 482 219 3 4
472 481 65 43 4
459 429 164 22 4
457 493 147 25 4
453 212 229 24 4
453 198 134 43 4
450 573 210 14 4
450 94 172 39 4
441 383 97 26 2
441 64 48 34 2
433 449 7 19 4
433 446 222 27 4
404 427 189 26 4
404 423 121 35 4
358 380 140 6 4
358 379 181 14 4
358 377 14 20 4
358 376 43 8 4
358 375 191 15 4
358 374 160 21 4
331 39 50 21 2
293 487 16 24 4
284 512 105 28 3
284 114 180 15 3
279 238 185 28 4
279 67 234 18 4
255 407 95 34 3
249 268 86 20 4
249 266 70 20 4
247 261 17 6 4
247 260 235 16 4
247 259 30 19 4
225 231 188 24 4
225 228 117 42 4
209 518 1 43 4
209 164 72 40 4
200 208 108 23 4
200 207 106 1 4
200 206 107 15 4
171 185 161 6 4
171 182 175 8 4
171 181 169 36 4
171 180 124 16 4
162 582 54 9 3
162 58 23 38 3
161 169 19 12 4
161 167 63 40 4
157 419 145 49 3
141 304 178 32 3
141 230 168 20 3
120 126 60 32 4
120 125 73 19 4
120 124 29 4 4
120 123 6 13 4
119 28 83 41 4
86 414 165 11 3
86 88 203 17 3
65 69 52 27 4
65 68 10 16 4
65 67 234 3 4
65 66 77 29 4
45 49 207 16 4
45 47 206 43 4
9 495 230 29 1
6 38 2 13 4
6 37 71 11 4
6 36 126 9 4
6 34 123 40 4
6 33 89 28 4
3 24 220 28 4
3 23 53 37 4
0 17 221 14 4
0 15 102 2 4
0 14 51 29 4
0 12 182 21 4
591 531 539 199 2 4
591 516 524 214 22 4
591 227 238 185 20 4
591 52 63 114 31 4
551 540 550 129 10 3
545 570 550 129 3 4
545 568 414 165 26 4
545 544 565 88 7 4
545 543 563 231 2 4
545 540 550 129 9 4
545 540 549 171 15 4
530 531 539 199 9 4
530 330 354 130 1 4
530 202 214 186 2 4
530 73 467 198 11 4
517 581 589 69 3 4
517 581 587 96 17 4
517 581 585 238 7 4
517 546 574 45 10 4
517 526 423 121 16 4
517 220 224 80 5 4
517 220 222 58 32 4
517 100 105 156 11 4
472 590 592 28 16 4
472 491 499 144 2 4
472 481 177 118 3 4
459 282 123 6 6 4
457 436 458 35 21 4
441 430 442 84 6 2
441 430 440 208 5 2
434 502 511 34 10 4
434 437 468 20 8 4
434 437 465 193 22 4
434 435 454 22 27 4
434 431 443 25 24 4
434 136 142 42 3 4
433 449 550 129 14 4
433 448 268 86 5 4
433 447 23 53 25 4
433 51 58 23 7 4
433 51 56 128 28 4
432 580 583 27 3 4
432 445 206 107 4 4
432 445 25 162 7 4
432 431 443 25 4 4
432 245 251 142 7 4
432 226 234 174 4 4
432 226 233 36 8 4
432 220 222 58 5 4
404 426 133 76 23 4
404 424 63 114 5 4
404 405 429 164 3 4
404 402 415 113 1 4
400 473 488 201 27 4
400 473 486 200 23 4
400 406 156 218 5 4
400 406 29 209 1 4
400 403 422 177 9 4
400 402 415 113 47 4
361 403 422 177 6 4
361 403 421 154 10 4
361 384 458 35 25 4
361 363 399 195 23 4
361 362 394 78 11 4
361 362 391 109 11 4
361 362 390 66 15 4
361 357 371 87 2 4
361 310 314 232 1 4
358 381 442 84 9 4
358 363 399 195 2 4
358 363 397 82 9 4
358 1 20 192 2 4
358 1 19 155 16 4
358 1 18 187 3 4
356 363 397 82 4 4
356 362 390 66 12 4
356 362 387 163 3 4
356 357 371 87 6 4
356 355 365 183 2 4
356 240 243 202 15 4
356 240 242 227 4 4
331 325 332 197 11 2
329 471 477 139 10 4
329 402 415 113 2 4
329 402 412 94 6 4
329 328 348 132 24 4
329 327 341 158 4 4
329 327 340 32 7 4
329 327 338 157 16 4
329 146 156 218 9 4
329 146 155 236 8 4
329 146 153 98 3 4
329 71 90 31 5 4
326 542 558 205 9 4
326 330 354 130 8 4
326 330 352 151 3 4
326 330 351 38 10 4
326 328 348 132 4 4
326 328 345 141 16 4
293 510 233 36 3 4
293 510 159 75 4 4
293 487 499 144 5 4
284 270 281 81 6 3
275 301 242 227 1 4
275 301 152 176 15 4
275 300 159 75 34 4
275 276 304 178 1 4
275 274 299 233 2 4
275 274 298 24 7 4
275 271 287 167 15 4
275 72 93 90 6 4
275 72 91 152 22 4
273 355 365 183 1 4
273 355 364 37 8 4
273 310 314 232 5 4
273 277 307 166 10 4
273 277 305 119 10 4
273 271 287 167 9 4
273 271 286 33 16 4
273 121 131 116 19 4
273 121 130 212 9 4
273 121 128 61 10 4
255 246 254 173 21 3
249 277 305 119 11 4
249 269 126 60 15 4
249 267 242 227 21 4
249 265 307 166 1 4
249 265 94 172 7 4
249 248 263 194 13 4
249 245 251 142 8 4
249 75 99 9 8 4
247 515 519 239 23 4
247 515 518 1 5 4
247 330 351 38 19 4
247 330 350 46 12 4
247 245 251 142 2 4
225 229 222 58 17 4
225 102 108 55 2 4
225 73 467 198 1 4
225 73 94 172 3 4
200 500 503 111 8 4
200 311 320 190 9 4
200 311 317 15 6 4
200 209 164 72 2 4
200 202 214 186 11 4
200 201 213 184 13 4
200 201 212 229 7 4
200 71 90 31 19 4
172 490 493 147 10 4
172 270 281 81 4 4
172 226 233 36 12 4
172 175 199 3 14 4
172 175 198 134 5 4
172 175 197 93 7 4
172 175 196 5 13 4
172 173 190 135 3 4
171 184 138 91 2 4
171 183 156 218 3 4
171 174 193 18 16 4
171 170 177 118 16 4
171 135 138 91 2 4
171 8 43 104 2 4
161 541 556 122 9 4
161 362 387 163 9 4
161 202 214 186 3 4
161 174 193 18 9 4
161 166 49 207 16 4
120 501 506 125 8 4
120 125 25 162 3 4
119 103 117 120 13 4
119 103 116 237 18 4
119 103 113 57 2 4
119 28 518 1 6 4
101 473 486 200 10 4
101 312 323 74 4 4
101 146 153 98 8 4
101 146 152 176 9 4
101 100 105 156 7 4
101 75 99 9 3 4
101 75 98 85 3 4
101 74 96 143 13 4
86 71 90 31 1 3
86 71 89 115 15 3
65 490 493 147 4 4
65 311 317 15 2 4
65 202 214 186 11 4
65 71 89 115 3 4
65 69 351 38 6 4
65 51 56 128 9 4
45 437 465 193 1 4
45 437 464 100 14 4
45 437 461 146 13 4
45 48 164 72 2 4
45 4 25 162 19 4
9 495 574 45 8 1
6 311 317 15 6 4
3 580 583 27 11 4
3 50 54 131 20 4
3 24 123 6 1 4
3 8 43 104 11 4
3 2 22 213 3 4
0 145 149 170 10 4
0 17 25 162 15 4
0 14 556 122 7 4
0 12 180 124 1 4
0 12 126 60 1 4
0 10 68 10 1 4
0 1 18 187 5 4
591 227 238 190 135 10 4
591 52 62 231 188 10 4
551 236 494 216 216 1 3
551 236 226 232 4 6 3
545 547 578 217 21 44 4
545 540 548 558 205 17 4
530 531 226 232 4 9 4
517 581 588 321 67 5 4
517 581 402 412 94 6 4
517 526 423 511 34 5 4
472 491 403 421 154 11 4
459 474 470 475 12 18 4
457 436 580 583 27 5 4
457 436 580 582 54 2 4
457 436 431 443 25 3 4
457 436 430 440 208 1 4
457 436 430 439 79 6 4
450 573 546 574 45 1 4
434 435 454 138 91 17 4
434 435 430 439 79 2 4
434 435 310 314 232 2 4
434 136 75 98 85 5 4
432 435 310 314 232 8 4
432 220 502 511 34 11 4
432 220 223 537 103 1 4
432 160 471 477 139 12 4
432 160 246 254 173 1 4
432 160 165 377 14 1 4
432 160 165 18 187 13 4
432 160 135 138 91 21 4
404 424 462 475 12 4 4
404 424 63 440 208 18 4
400 531 226 232 4 5 4
400 220 223 537 103 2 4
361 384 458 537 103 2 4
361 360 490 493 147 10 4
361 360 490 492 225 7 4
356 435 310 314 232 22 4
356 363 402 412 94 3 4
356 363 402 411 148 2 4
356 359 362 387 163 1 4
356 357 372 585 238 1 4
356 240 146 152 176 7 4
356 240 71 89 115 3 4
356 240 1 18 187 8 4
331 325 543 563 231 11 2
329 325 543 563 231 7 4
329 325 543 562 41 3 4
329 325 333 94 172 16 4
326 581 402 411 148 1 4
326 328 346 376 43 19 4
326 328 344 195 127 9 4
326 325 333 94 172 1 4
326 325 332 99 9 3 4
326 325 330 350 46 1 4
275 276 516 524 214 6 4
275 72 70 83 136 16 4
273 355 366 195 127 2 4
273 271 470 475 12 7 4
273 121 471 477 139 3 4
273 121 131 190 135 2 4
255 407 401 408 110 6 3
249 277 542 558 205 1 4
247 245 246 254 173 3 4
225 240 1 18 187 3 4
225 102 544 565 88 3 4
225 102 111 290 211 16 4
225 73 467 260 235 8 4
225 73 75 98 85 6 4
200 121 131 190 135 1 4
200 121 127 18 187 9 4
172 270 403 421 154 1 4
172 270 403 420 101 6 4
172 270 403 419 145 4 4
172 270 282 123 6 11 4
172 270 274 298 24 3 4
172 173 188 585 238 5 4
172 173 174 193 18 4 4
172 173 174 191 150 4 4
171 170 501 506 125 4 4
161 541 553 15 102 8 4
161 541 542 558 205 3 4
161 72 70 83 136 1 4
161 72 70 79 49 1 4
161 72 70 78 64 4 4
157 147 490 492 225 7 3
157 147 145 149 170 16 3
141 136 75 97 59 3 3
141 55 50 54 131 5 3
120 491 403 419 145 16 4
120 491 403 417 196 2 4
120 491 203 218 204 9 4
120 72 70 78 64 5 4
119 103 115 150 11 8 4
101 473 489 214 186 7 4
101 327 338 354 130 6 4
101 240 1 18 187 1 4
101 107 69 351 38 7 4
101 103 115 150 11 2 4
101 102 111 290 211 14 4
101 74 75 97 59 1 4
65 581 402 411 148 7 4
65 202 201 212 229 1 4
65 73 75 97 59 7 4
45 491 203 218 204 4 4
45 437 515 518 1 13 4
6 35 463 477 139 15 4
6 35 463 38 2 3 4
3 8 1 18 187 3 4
3 2 21 485 153 11 4
0 13 559 390 66 17 4
551 370 357 372 585 238 10 3
545 547 578 217 518 1 2 4
517 45 437 464 254 173 3 4
517 45 327 338 354 130 5 4
457 436 580 584 91 152 2 4
450 573 546 572 579 47 7 4
432 272 270 274 298 24 11 4
404 472 491 203 218 204 1 4
404 472 491 203 216 216 1 4
404 472 483 238 190 135 2 4
404 405 580 584 91 152 4 4
400 531 226 237 399 195 2 4
400 220 502 514 365 183 4 4
361 384 458 537 365 183 2 4
356 435 473 489 214 186 8 4
356 435 473 487 499 144 1 4
356 435 310 314 98 85 6 4
356 435 202 201 212 229 3 4
356 359 580 584 91 152 14 4
329 65 73 75 97 59 2 4
326 325 491 203 216 216 7 4
326 325 330 353 206 107 1 4
326 325 328 344 195 127 18 4
293 272 270 274 298 24 4 4
284 512 502 514 365 183 4 3
273 355 363 402 411 148 6 4
273 355 357 372 585 238 6 4
255 407 401 408 167 63 2 3
172 186 154 14 556 122 2 4
171 170 501 506 156 218 12 4
171 170 501 504 538 179 2 4
161 541 542 543 562 41 10 4
157 459 474 470 475 12 2 3
157 147 546 572 579 47 9 3
157 147 490 494 216 216 1 3
157 147 145 71 87 26 3 3
141 55 50 54 212 229 2 3
120 531 226 237 399 195 11 4
120 531 226 237 91 152 2 4
120 72 70 76 214 186 1 4
101 312 226 237 91 152 5 4
101 312 226 232 415 113 2 4
101 240 146 152 214 186 2 4
101 102 110 140 350 46 14 4
457 436 433 447 23 539 199 5 4
331 39 7 5 4 25 162 3 2
329 65 220 502 514 365 183 3 4
326 325 491 203 100 105 156 6 4
326 325 328 344 513 585 238 3 4
247 245 251 458 537 365 183 12 4
247 245 250 95 548 558 205 8 4
200 121 362 389 489 214 186 1 4
172 173 174 246 252 440 208 2 4
172 173 6 35 463 38 2 15 4
141 55 50 226 232 415 113 5 3
101 240 146 152 23 539 199 1 4
101 103 531 226 232 415 113 6 4
441 383 360 362 389 489 214 186 4 2
434 436 433 448 555 27 488 201 5 4
432 436 433 448 555 27 488 201 1 4
432 436 433 51 60 204 34 123 3 4
404 405 240 146 152 23 539 199 2 4
326 325 328 344 513 585 596 215 5 4
273 355 363 402 412 166 49 207 2 4
255 407 401 402 412 166 49 207 2 3
162 160 517 45 327 338 354 130 3 3
157 147 65 220 502 514 365 183 7 3
157 147 65 220 227 238 190 135 1 3
157 147 65 51 60 204 34 123 5 3
0 12 180 134 389 489 214 186 2 4
326 325 491 403 420 389 489 214 186 1 4
9 0 12 180 134 389 489 214 186 2 1
