472

559 228 65 3
540 165 86 4
456 172 64 4
444 171 56 4
427 56 47 4
378 174 84 4
364 41 39 3
334 24 60 3
296 89 43 3
265 194 52 4
258 101 47 3
257 210 77 3
248 35 43 3
245 229 94 4
222 108 39 3
213 34 36 3
211 13 82 4
183 188 35 3
166 164 59 3
159 94 36 3
128 47 40 2
84 212 84 4
72 181 53 3
10 52 44 3
559 62 128 33 3
540 572 232 19 4
512 524 238 20 4
512 521 63 12 4
501 509 124 1 4
501 508 186 17 4
501 506 23 7 4
501 505 117 48 4
490 513 189 39 3
490 434 166 23 3
475 487 227 10 4
475 486 201 3 4
475 484 133 10 4
475 482 51 16 4
475 481 230 9 4
475 480 225 10 4
456 463 55 16 4
456 354 175 25 4
445 448 81 20 4
444 585 53 44 4
427 274 220 7 4
427 224 37 32 4
418 262 65 45 1
384 400 142 10 4
384 399 216 32 4
383 394 198 40 3
382 393 168 25 4
382 392 82 46 4
378 471 155 32 4
364 29 152 24 3
345 351 112 15 4
345 349 8 4 4
334 229 87 24 3
320 330 70 39 4
320 328 45 7 4
320 327 93 18 4
320 325 157 15 4
296 506 23 9 3
296 377 234 24 3
296 313 77 22 3
280 286 207 14 4
280 284 27 22 4
265 204 59 30 4
258 587 135 37 3
257 240 58 17 3
255 277 83 32 4
255 276 3 29 4
255 274 220 22 4
248 507 131 17 3
248 285 44 23 3
245 309 29 18 4
234 506 23 33 4
234 47 42 27 4
222 318 233 17 3
222 86 146 25 3
218 235 11 25 4
218 232 176 24 4
218 231 163 40 4
216 227 75 17 4
216 225 153 27 4
216 224 37 8 4
216 223 226 13 4
213 400 142 39 3
213 62 128 25 3
211 448 81 19 4
211 389 10 18 4
183 350 110 37 3
166 50 134 32 3
159 584 1 20 3
154 172 200 29 4
154 169 138 15 4
91 98 91 41 4
91 96 160 21 4
91 95 73 8 4
84 463 55 20 4
84 49 213 21 4
72 87 66 25 3
67 82 109 24 4
67 81 99 15 4
67 80 40 16 4
67 79 62 17 4
41 51 84 14 4
41 49 213 8 4
41 48 158 4 4
41 46 5 10 4
10 549 223 18 3
0 7 68 15 4
0 6 219 28 4
0 4 237 24 4
0 3 148 29 4
577 578 593 12 1 4
577 575 583 156 10 4
577 575 582 7 13 4
577 478 495 139 12 4
577 417 429 98 9 4
577 406 412 239 9 4
577 66 75 199 22 4
577 44 64 130 5 4
577 1 11 180 1 4
559 555 561 184 2 3
540 580 8 196 13 4
527 558 573 204 14 4
527 529 551 183 5 4
527 529 548 33 19 4
527 529 546 61 14 4
527 525 535 190 20 4
527 479 497 17 7 4
526 528 541 96 18 4
526 511 518 105 8 4
526 476 488 206 28 4
526 18 37 125 17 4
526 18 36 116 27 4
512 521 454 48 3 4
512 431 442 140 8 4
512 431 441 147 7 4
512 431 439 57 28 4
512 416 423 205 2 4
512 416 422 74 2 4
512 381 389 10 12 4
512 135 138 113 21 4
501 578 593 12 8 4
501 578 592 159 3 4
501 578 591 203 11 4
501 578 590 22 27 4
501 190 198 215 3 4
490 520 474 19 2 3
490 513 95 73 5 3
490 477 493 64 12 3
475 485 449 208 15 4
475 483 223 226 15 4
475 483 98 91 3 4
475 482 179 191 3 4
475 346 354 175 3 4
475 175 179 191 4 4
475 16 31 151 1 4
456 30 49 213 20 4
447 556 566 185 36 4
447 477 493 64 10 4
447 477 491 132 30 4
447 470 474 19 1 4
447 470 472 39 21 4
447 356 371 85 2 4
447 90 92 202 9 4
447 44 64 130 5 4
445 525 535 190 12 4
445 525 533 118 25 4
445 525 532 60 9 4
445 470 472 39 8 4
445 357 375 107 7 4
445 357 374 9 14 4
445 357 372 97 6 4
444 114 52 145 15 4
444 114 11 180 1 4
427 417 429 98 2 4
427 417 426 123 25 4
427 417 425 43 12 4
415 417 425 43 2 3
415 355 368 114 26 3
415 175 179 191 11 3
415 106 134 120 12 3
384 380 386 14 16 4
384 217 230 162 20 4
384 190 198 215 15 4
384 102 117 15 6 4
383 477 491 132 17 3
383 302 318 233 1 3
383 300 306 222 15 3
383 300 305 161 2 3
383 300 304 144 7 3
382 346 354 175 12 4
382 346 353 192 12 4
382 15 22 177 3 4
378 359 379 30 9 4
364 355 362 20 16 3
345 530 554 79 4 4
345 500 502 111 1 4
345 348 268 102 1 4
345 347 330 70 10 4
345 302 318 233 8 4
345 302 317 4 12 4
345 302 315 170 5 4
345 136 142 16 11 4
345 136 141 169 10 4
345 1 11 180 25 4
334 229 486 201 12 3
321 525 532 60 19 4
321 446 455 49 7 4
321 446 454 48 8 4
321 446 452 88 11 4
321 446 451 224 6 4
321 381 389 10 5 4
321 381 388 197 3 4
321 331 107 119 12 4
321 331 31 151 9 4
321 323 339 195 23 4
321 323 338 178 14 4
321 322 332 31 3 4
321 1 11 180 5 4
320 406 412 239 6 4
320 406 411 46 2 4
320 324 344 54 19 4
303 431 439 57 7 3
303 359 379 30 1 3
303 301 311 69 12 3
303 191 202 50 2 3
303 1 11 180 15 3
283 430 436 25 37 4
283 298 394 198 3 4
283 281 294 218 23 4
283 153 167 26 29 4
283 151 467 6 17 4
283 151 161 236 16 4
280 288 268 102 2 4
280 286 572 232 2 4
280 282 295 141 17 4
280 253 268 102 24 4
280 19 39 217 15 4
265 252 267 86 26 4
265 252 266 167 10 4
255 275 452 88 15 4
255 275 409 71 19 4
245 178 351 112 11 4
245 178 119 115 2 4
234 209 165 143 27 4
234 180 375 107 21 4
234 47 532 60 4 4
222 86 488 206 5 3
218 219 241 92 13 4
218 219 238 193 5 4
216 530 554 79 8 4
216 219 238 193 3 4
216 219 236 211 18 4
216 68 85 32 10 4
216 68 83 154 16 4
211 194 212 95 3 4
211 194 210 38 3 4
193 557 569 100 6 4
193 557 567 209 5 4
193 356 371 85 5 4
193 206 80 40 40 4
193 194 210 38 13 4
183 176 181 103 11 3
166 152 163 214 9 3
159 151 161 236 17 3
159 151 157 179 7 3
154 460 463 55 31 4
154 460 462 149 4 4
154 174 267 86 46 4
104 127 495 139 28 4
104 126 522 235 14 4
104 106 134 120 3 4
104 103 119 115 7 4
91 500 502 111 4 4
91 152 163 214 40 4
91 99 36 116 1 4
91 97 385 21 10 4
72 87 212 95 22 3
67 78 22 177 15 4
67 69 88 182 12 4
67 65 73 36 10 4
67 65 71 221 1 4
41 579 598 150 8 4
41 579 596 121 27 4
41 510 514 129 11 4
41 323 338 178 12 4
41 323 336 173 9 4
41 150 155 104 6 4
41 40 45 28 3 4
17 558 573 204 8 3
17 558 572 232 9 3
17 461 469 80 23 3
17 18 36 116 6 3
17 16 31 151 1 3
17 15 22 177 5 3
17 15 21 136 3 3
10 549 276 3 12 3
0 555 561 184 9 4
0 460 462 149 9 4
0 5 389 10 2 4
0 2 14 187 9 4
577 478 194 210 38 9 4
577 66 460 462 149 2 4
577 66 446 451 224 11 4
577 66 446 449 208 5 4
577 66 65 71 221 1 4
527 479 499 371 85 8 4
527 250 254 272 127 7 4
527 250 177 186 72 14 4
526 528 542 506 23 4 4
526 528 542 22 177 9 4
512 416 421 272 127 10 4
490 434 144 379 30 10 3
475 483 223 71 221 6 4
475 479 499 371 85 1 4
475 479 498 7 68 13 4
475 479 100 107 119 1 4
447 556 566 469 80 6 4
447 459 200 232 176 5 4
445 470 500 502 111 11 4
445 357 373 277 83 3 4
418 262 274 376 76 3 1
415 419 485 449 208 10 3
415 417 150 155 104 3 3
415 417 90 92 202 3 3
415 175 460 462 149 2 3
415 175 180 375 107 1 3
415 175 178 119 115 12 3
384 190 200 232 176 2 4
384 190 199 231 163 4 4
384 190 197 231 163 20 4
383 477 42 52 145 4 3
383 300 356 371 85 2 3
383 300 356 370 18 2 3
383 300 137 148 67 4 3
382 392 168 235 11 3 4
364 355 359 379 30 7 3
364 355 40 45 28 5 3
345 416 421 272 127 12 4
345 416 420 315 170 7 4
320 406 558 572 232 2 4
303 470 500 502 111 2 3
303 470 358 376 76 12 3
303 300 137 147 106 8 3
303 300 137 146 90 4 3
303 1 380 386 14 3 3
296 313 302 315 170 2 3
280 287 271 407 126 2 4
280 282 15 21 136 5 4
280 19 38 439 57 14 4
257 240 219 236 211 6 3
255 273 499 371 85 3 4
248 221 247 157 179 3 3
248 221 219 236 211 6 3
248 221 90 92 202 6 3
234 531 519 546 61 11 4
222 215 220 244 78 8 3
218 0 2 14 187 3 4
216 530 44 64 130 3 4
216 68 40 45 28 2 4
193 556 566 469 80 1 4
193 556 564 372 97 13 4
193 556 359 379 30 6 4
193 192 301 311 69 3 4
193 192 205 436 25 3 4
193 190 197 231 163 2 4
193 190 196 451 224 3 4
183 176 185 315 170 17 3
159 584 576 585 53 5 3
159 151 161 75 199 6 3
128 105 132 163 214 18 2
128 105 131 62 128 6 2
128 59 43 58 231 10 2
104 127 495 573 204 5 4
104 126 174 267 86 2 4
104 106 301 311 69 5 4
104 106 133 386 14 4 4
104 106 102 117 15 10 4
104 103 120 484 133 22 4
104 101 112 49 213 9 4
104 101 42 52 145 1 4
67 69 322 332 31 5 4
67 69 86 488 206 7 4
41 323 337 328 45 5 4
41 323 337 107 119 2 4
41 323 322 332 31 6 4
17 461 302 315 170 8 3
17 19 38 439 57 1 3
17 18 16 31 151 4 3
17 18 16 29 152 13 3
10 1 380 385 21 8 3
10 1 359 379 30 15 3
10 1 359 377 234 3 3
577 478 194 210 349 8 6 4
577 66 65 40 45 28 4 4
540 580 575 302 315 170 7 4
527 250 259 78 22 177 17 4
526 511 476 281 294 218 8 4
526 511 476 281 291 137 1 4
526 511 476 44 64 130 5 4
490 520 538 61 454 48 9 3
475 479 498 7 514 129 2 4
445 479 498 7 514 129 5 4
445 479 100 322 332 31 2 4
444 432 18 16 27 122 8 4
444 432 18 16 26 2 1 4
415 417 150 301 311 69 1 3
415 175 460 281 291 137 1 3
415 175 178 351 3 148 6 3
415 175 176 185 315 170 5 3
383 477 476 44 64 130 5 3
383 477 476 44 63 0 1 3
382 346 460 281 291 137 7 4
382 346 430 433 276 3 15 4
364 355 367 351 3 148 1 3
364 355 221 90 92 202 1 3
320 406 558 571 505 117 11 4
320 406 416 420 315 170 3 4
320 326 392 168 235 11 3 4
303 470 500 446 449 208 11 3
303 470 500 405 409 71 2 3
303 470 19 38 439 57 4 3
303 300 528 542 22 177 5 3
303 300 356 44 63 0 3 3
303 300 137 149 295 141 2 3
265 252 221 90 92 202 1 4
258 250 259 78 22 177 5 3
258 250 254 271 407 126 2 3
258 250 254 271 71 221 4 3
258 250 177 529 546 61 4 3
258 250 177 405 409 71 1 3
255 273 499 371 92 202 5 4
234 209 194 210 349 8 2 4
222 215 219 238 52 145 6 3
218 0 5 247 157 179 12 4
218 0 2 529 546 61 1 4
193 557 461 302 315 170 2 4
193 556 566 371 92 202 1 4
193 192 205 436 315 170 7 4
159 151 467 491 409 71 5 3
104 106 105 131 62 128 2 4
104 106 105 130 524 238 4 4
104 106 102 114 11 180 6 4
104 103 105 130 524 238 3 4
67 69 86 488 22 177 3 4
17 250 177 405 409 71 3 3
17 250 177 405 407 126 7 3
17 250 177 42 52 145 3 3
577 66 65 19 38 439 57 5 4
445 479 69 86 488 22 177 1 4
445 283 151 467 491 409 71 2 4
364 355 363 499 371 92 202 5 3
334 397 384 190 196 451 224 4 3
303 470 500 190 196 451 224 1 3
303 470 300 137 149 295 141 6 3
280 282 15 24 491 409 71 8 4
265 252 221 249 503 138 113 6 4
248 507 501 190 196 451 224 2 3
218 0 2 430 433 276 3 2 4
193 557 461 467 491 409 71 3 4
193 557 461 467 491 294 218 6 4
193 557 461 302 312 472 39 6 4
17 250 177 42 55 80 40 5 3
415 417 252 221 249 503 138 113 4 3
415 417 252 221 219 238 52 145 1 3
382 346 460 15 24 491 294 218 2 4
17 250 251 151 467 491 294 218 1 3
418 415 417 252 221 219 238 52 145 1 1
128 59 43 460 15 24 491 294 218 1 2
