503

579 97 55 4
577 43 66 4
573 108 34 3
492 16 70 3
474 65 75 4
414 109 59 4
323 172 52 4
235 79 90 4
220 163 48 3
190 29 68 4
167 31 19 1
103 52 61 4
99 221 15 0
97 225 105 4
95 171 45 4
81 57 55 3
68 195 91 4
54 71 12 1
48 220 92 4
18 70 68 3
579 501 237 32 4
579 360 91 27 4
577 24 130 20 4
573 538 35 19 3
554 553 223 34 4
554 306 133 37 4
554 292 0 30 4
554 38 11 24 4
474 6 45 34 4
459 477 12 2 4
420 395 166 22 1
414 298 155 24 4
390 415 116 12 4
390 413 229 22 4
390 411 87 17 4
388 409 33 38 4
388 408 232 11 4
388 407 17 37 4
349 373 179 8 4
349 370 204 14 4
348 367 156 18 4
348 365 114 15 4
348 364 30 2 4
348 363 230 30 4
323 568 139 19 4
323 177 128 20 4
277 306 133 8 4
277 305 210 14 4
277 303 53 26 4
273 293 69 8 4
273 292 0 4 4
272 287 120 24 4
272 284 168 13 4
272 283 186 26 4
272 282 188 21 4
257 268 143 2 4
257 267 104 19 4
241 253 113 23 4
241 252 68 25 4
241 251 92 8 4
241 250 201 16 4
241 248 194 17 4
235 63 207 11 4
235 38 11 10 4
220 471 146 10 3
216 229 227 26 4
216 228 153 6 4
216 224 148 9 4
216 223 39 1 4
190 374 125 36 4
188 460 96 26 1
167 596 26 16 1
112 123 90 23 4
112 122 64 16 4
112 120 238 49 4
103 14 173 24 4
99 299 197 10 0
97 378 122 20 4
95 315 56 35 4
81 290 60 23 3
77 109 76 17 4
77 108 21 28 4
68 519 117 13 4
68 431 78 21 4
65 67 6 32 4
54 80 159 23 1
48 127 47 11 4
27 39 123 17 4
27 38 11 49 4
27 37 235 5 4
27 35 105 6 4
27 34 22 11 4
25 29 190 22 4
25 28 111 30 4
590 591 599 4 13 4
590 520 529 191 5 4
590 520 527 89 16 4
590 495 499 189 4 4
590 328 342 161 1 4
590 201 210 141 14 4
590 159 179 115 1 4
590 75 101 215 8 4
590 2 12 51 16 4
579 559 581 61 3 4
579 501 185 18 8 4
577 559 581 61 12 4
577 559 580 205 12 4
577 559 576 136 13 4
573 558 572 3 2 3
573 558 570 36 14 3
560 557 569 110 2 4
560 555 561 85 1 4
560 521 535 183 2 4
560 425 432 23 25 4
560 181 191 185 1 4
560 44 63 207 9 4
556 591 599 4 9 4
556 591 598 74 25 4
556 591 597 49 5 4
556 525 549 200 6 4
556 328 342 161 4 4
556 328 341 169 17 4
556 217 231 134 17 4
556 26 32 5 12 4
492 482 494 152 18 3
474 458 476 94 9 4
474 300 315 56 7 4
459 521 535 183 17 4
459 521 534 32 4 4
459 521 533 196 12 4
459 481 490 19 35 4
459 481 489 234 9 4
459 478 487 93 45 4
430 454 537 182 28 4
430 429 450 42 1 4
430 427 438 10 11 4
430 427 437 150 10 4
430 375 379 118 4 4
430 375 378 122 6 4
430 375 377 151 9 4
430 182 195 157 8 4
430 137 149 222 2 4
430 137 147 218 14 4
426 524 547 75 5 4
426 496 502 1 17 4
426 429 450 42 28 4
426 428 445 14 11 4
426 428 444 40 6 4
426 427 437 150 17 4
426 376 383 239 12 4
426 311 318 184 1 4
426 74 98 177 10 4
420 391 421 164 10 1
414 142 39 123 32 4
390 416 314 13 31 4
390 391 421 164 6 4
390 391 419 149 22 4
390 386 398 167 6 4
390 386 396 37 9 4
389 480 486 95 11 4
389 458 476 94 11 4
389 458 473 55 32 4
389 392 424 83 20 4
389 392 423 41 1 4
389 392 422 147 8 4
389 200 208 145 1 4
389 182 195 157 6 4
389 182 193 73 9 4
389 4 24 130 3 4
388 387 402 127 3 4
388 387 401 162 2 4
388 386 396 37 1 4
388 156 165 50 18 4
349 427 437 150 3 4
349 427 436 106 7 4
349 372 245 211 37 4
349 369 314 13 1 4
349 368 467 88 2 4
349 345 353 28 4 4
349 44 63 207 13 4
349 3 17 24 1 4
349 3 15 46 2 4
348 363 166 131 5 4
348 345 353 28 10 4
348 345 352 67 4 4
348 217 231 134 8 4
325 525 549 200 1 4
325 347 362 142 14 4
325 329 128 135 10 4
325 327 338 140 7 4
325 327 336 27 10 4
325 326 332 213 1 4
325 240 247 84 5 4
325 4 24 130 19 4
323 312 324 187 15 4
310 507 519 117 22 4
310 496 502 1 2 4
310 311 318 184 44 4
310 311 317 54 3 4
310 200 208 145 5 4
310 1 9 34 22 4
310 1 7 86 5 4
277 505 510 224 17 4
277 307 412 102 16 4
277 305 510 224 2 4
277 275 301 226 6 4
277 275 299 197 2 4
277 275 298 155 21 4
277 274 295 138 5 4
273 291 83 228 34 4
273 289 280 126 19 4
273 276 302 20 6 4
273 202 212 181 2 4
272 375 377 151 16 4
272 282 224 148 15 4
272 270 279 233 10 4
257 266 63 207 21 4
257 255 260 98 12 4
257 240 247 84 4 4
257 240 246 144 13 4
257 157 168 174 17 4
257 157 166 131 6 4
257 138 154 124 1 4
257 126 134 217 12 4
257 126 133 203 6 4
257 126 131 119 12 4
256 585 588 154 5 4
256 585 586 2 13 4
256 557 569 110 12 4
256 557 567 99 3 4
256 557 566 202 10 4
256 557 565 44 16 4
256 557 564 25 7 4
256 263 402 127 5 4
256 240 246 144 5 4
256 219 239 103 26 4
256 219 238 132 1 4
256 217 231 134 6 4
241 252 38 11 14 4
241 249 247 84 9 4
241 248 175 81 2 4
241 242 254 208 11 4
235 441 165 50 14 4
220 144 338 140 15 3
220 115 570 36 10 3
216 522 540 82 11 4
216 506 517 170 7 4
216 506 516 59 22 4
216 326 332 213 12 4
216 218 237 165 4 4
216 182 193 73 6 4
190 374 487 93 13 4
190 333 28 111 2 4
190 180 185 18 3 4
155 312 324 187 8 4
155 312 321 107 11 4
155 218 237 165 13 4
155 158 175 81 20 4
155 158 172 212 1 4
155 138 154 124 12 4
155 138 151 129 10 4
155 126 131 119 21 4
155 40 47 8 20 4
136 240 246 144 22 4
136 135 140 62 21 4
136 72 93 72 17 4
136 72 92 101 19 4
136 72 91 121 13 4
112 550 553 223 5 4
112 550 551 112 4 4
112 255 260 98 1 4
112 255 259 48 20 4
112 123 101 215 6 4
111 481 489 234 8 4
111 255 259 48 17 4
111 200 208 145 2 4
111 125 128 135 10 4
111 125 127 47 11 4
111 116 448 137 6 4
111 116 28 111 9 4
110 428 444 40 15 4
110 387 401 162 1 4
110 375 377 151 8 4
110 159 179 115 8 4
110 159 177 128 10 4
110 159 176 198 2 4
110 156 165 50 16 4
95 73 94 63 8 4
81 70 83 228 20 3
81 70 82 180 2 3
77 183 199 100 9 4
77 106 57 77 5 4
77 72 91 121 1 4
77 71 87 66 6 4
77 71 86 58 22 4
77 71 85 192 4 4
77 43 61 160 29 4
65 591 597 49 14 4
65 591 596 26 6 4
65 70 82 180 22 4
65 68 431 78 10 4
65 67 290 60 11 4
65 41 51 236 17 4
65 41 50 176 2 4
54 41 50 176 14 1
48 41 50 176 1 4
42 523 545 206 17 4
42 523 544 178 14 4
42 44 63 207 8 4
42 44 62 175 12 4
27 496 502 1 1 4
25 456 467 88 23 4
25 31 80 159 5 4
590 201 326 332 213 2 4
590 201 200 208 145 1 4
590 75 102 15 46 11 4
590 75 100 12 51 3 4
577 559 578 377 151 2 4
573 558 571 594 216 7 3
573 538 522 540 82 6 3
560 584 261 568 139 3 4
560 559 578 377 151 1 4
560 558 571 594 216 8 4
560 558 218 237 165 10 4
560 558 218 236 193 9 4
560 425 200 206 219 3 4
560 181 456 467 88 1 4
560 181 159 176 198 16 4
556 328 344 597 49 9 4
556 26 375 377 151 9 4
556 26 158 172 212 12 4
492 482 276 302 20 2 3
459 521 274 295 138 1 4
430 425 200 206 219 3 4
430 328 344 597 49 3 4
430 137 148 444 40 2 4
426 376 507 519 117 1 4
426 376 507 518 214 5 4
420 395 386 396 37 7 1
414 390 386 396 37 3 4
414 390 74 98 177 1 4
389 458 472 535 183 4 4
389 410 249 247 84 11 4
389 392 557 564 25 2 4
389 391 421 11 80 4 4
388 392 557 564 25 2 4
388 215 221 32 5 13 4
349 427 435 92 101 4 4
349 427 429 450 42 2 4
349 427 429 448 137 11 4
349 3 505 510 224 9 4
348 350 346 356 38 12 4
348 345 275 298 155 13 4
325 347 480 486 95 4 4
325 347 346 356 38 6 4
325 137 148 444 40 3 4
325 4 22 407 17 11 4
323 316 311 317 54 12 4
323 316 311 314 13 7 4
277 272 270 279 233 3 4
273 289 280 567 99 6 4
273 289 265 572 3 10 4
273 202 200 206 219 7 4
273 202 200 205 199 23 4
273 202 200 204 231 6 4
256 585 456 467 88 15 4
256 217 311 314 13 1 4
220 215 221 32 5 12 3
220 115 570 29 190 5 3
216 585 456 467 88 8 4
216 585 270 279 233 2 4
216 506 514 28 111 3 4
216 182 198 586 2 5 4
190 180 186 487 93 3 4
188 180 186 487 93 2 1
188 180 159 176 198 1 1
155 138 153 566 202 1 4
155 126 132 246 144 2 4
155 126 131 490 19 2 4
155 40 505 510 224 4 4
136 217 311 314 13 22 4
136 137 148 444 40 1 4
136 135 557 564 25 9 4
112 550 553 268 143 1 4
111 550 553 268 143 13 4
111 481 346 356 38 5 4
111 255 258 490 19 5 4
111 126 131 490 19 4 4
110 585 270 279 233 3 4
110 521 274 295 138 3 4
110 428 443 57 77 9 4
110 428 441 165 50 1 4
110 387 404 321 107 3 4
110 387 404 133 203 10 4
110 156 162 561 85 4 4
110 40 505 510 224 3 4
110 40 480 486 95 4 4
110 40 43 57 77 1 4
103 316 311 314 13 3 4
103 76 456 465 15 1 4
103 76 105 490 19 13 4
103 76 74 98 177 3 4
95 73 183 199 100 31 4
95 73 97 378 122 2 4
95 73 72 91 121 4 4
77 71 158 172 212 4 4
65 68 461 259 48 11 4
48 41 53 340 158 18 4
48 41 52 34 22 3 4
42 523 158 172 212 9 4
42 523 158 171 209 1 4
42 41 52 34 22 21 4
42 41 51 171 209 12 4
42 41 44 62 175 2 4
42 41 43 57 77 5 4
42 4 22 407 17 6 4
27 591 274 295 138 1 4
25 241 242 254 208 4 4
25 241 240 246 144 8 4
25 241 240 245 211 2 4
25 241 240 243 7 4 4
25 26 158 171 209 11 4
18 278 270 279 233 2 3
18 3 505 510 224 15 3
18 3 21 134 217 5 3
590 495 215 221 32 5 3 4
590 495 138 152 169 9 8 4
590 495 138 150 450 42 1 4
590 201 202 200 204 231 5 4
573 538 522 542 367 156 7 3
560 559 578 483 133 203 12 4
560 559 271 280 567 99 3 4
560 555 562 89 465 15 12 4
560 555 558 218 236 193 2 4
492 482 522 542 367 156 10 3
430 457 550 242 254 208 18 4
430 425 433 318 279 233 1 4
426 376 391 421 11 80 2 4
414 390 391 421 11 80 2 4
389 458 472 535 438 10 1 4
349 427 429 448 247 84 5 4
348 385 394 100 12 51 8 4
325 347 361 403 424 83 24 4
310 256 217 311 314 13 6 4
310 256 217 270 279 233 2 4
277 307 107 186 487 93 3 4
216 182 197 253 268 143 3 4
167 157 156 162 561 85 2 1
167 157 156 162 422 147 1 1
167 157 156 162 342 161 7 1
111 481 346 357 527 89 3 4
111 126 132 384 147 218 6 4
111 125 127 416 314 13 4 4
110 345 275 298 185 18 1 4
110 40 480 485 279 233 6 4
110 40 480 483 133 203 15 4
103 76 456 463 120 238 2 4
103 76 456 270 279 233 2 4
103 14 3 21 134 217 5 4
42 41 44 63 149 222 2 4
42 4 22 407 409 33 1 4
27 591 274 294 527 89 20 4
27 481 346 357 527 89 5 4
25 241 240 244 340 158 1 4
25 241 240 2 12 51 8 4
25 26 158 175 586 2 7 4
590 520 521 522 542 367 156 8 4
590 201 326 271 280 567 99 4 4
414 390 386 391 421 11 80 3 4
414 142 39 548 450 94 63 1 4
389 390 386 391 421 11 80 1 4
349 257 157 156 162 342 161 2 4
325 525 523 158 175 586 2 1 4
325 525 347 361 403 424 83 6 4
325 525 347 361 329 128 135 3 4
310 256 217 311 312 321 107 1 4
310 256 217 240 2 12 51 8 4
310 256 217 240 2 11 80 1 4
310 1 521 522 542 367 156 2 4
310 1 521 274 294 527 89 2 4
277 307 107 186 487 179 115 2 4
188 180 458 472 535 438 10 13 1
136 135 138 150 450 94 63 1 4
111 125 425 433 318 279 233 7 4
111 125 425 3 16 598 74 4 4
110 40 41 44 63 149 222 2 4
103 76 105 490 443 57 77 1 4
42 520 521 274 294 527 89 11 4
27 257 157 156 162 342 161 3 4
27 180 458 472 535 247 84 4 4
27 180 182 197 253 61 160 3 4
560 555 25 26 158 175 586 2 4 4
430 457 550 157 156 162 342 161 5 4
426 376 257 157 156 162 342 161 5 4
426 376 257 126 132 384 147 218 2 4
111 125 425 3 21 134 199 100 3 4
103 76 105 490 443 57 224 148 7 4
42 520 521 522 539 404 133 203 4 4
590 201 202 200 206 106 57 224 148 1 4
560 555 558 200 206 106 57 224 148 1 4
426 376 257 157 156 162 422 314 13 3 4
188 460 455 200 206 106 57 223 39 3 1
111 457 550 157 156 162 422 314 13 8 4
