494

579 69 45 4
552 101 67 4
503 126 70 4
495 94 78 4
398 238 39 4
346 66 52 4
293 185 55 4
286 88 78 4
257 15 52 4
239 138 38 4
238 120 67 4
236 209 50 4
152 212 48 4
113 162 45 4
72 137 11 1
579 211 36 39 4
579 159 76 21 4
552 121 184 39 4
552 63 207 12 4
503 499 227 20 4
495 565 168 27 4
495 219 149 20 4
412 427 204 21 4
412 424 19 22 4
398 524 3 21 4
398 273 102 38 4
357 372 67 17 4
357 371 18 41 4
357 368 171 8 4
346 182 134 23 4
346 150 230 39 4
337 350 27 1 4
337 349 41 47 4
317 329 106 29 4
317 324 170 25 4
300 304 53 15 4
300 303 95 9 4
300 302 160 35 4
293 531 195 28 4
293 234 99 4 4
293 44 198 11 4
289 492 33 39 4
289 180 48 10 4
289 78 215 36 4
286 444 98 36 4
286 302 160 11 4
260 269 7 9 4
260 268 226 4 4
260 267 52 29 4
260 266 133 23 4
260 265 157 12 4
257 345 2 25 4
239 587 87 11 4
239 497 167 18 4
239 399 131 32 4
238 234 99 10 4
238 166 225 45 4
236 205 35 43 4
236 166 225 23 4
197 206 220 24 4
152 474 139 33 4
152 381 150 22 4
113 100 229 11 4
77 89 166 7 4
77 87 123 10 4
77 85 61 31 4
72 595 201 13 1
61 70 83 40 4
61 69 75 25 4
60 67 28 28 4
60 65 222 15 4
60 63 207 38 4
31 42 141 20 4
31 41 214 22 4
31 40 59 33 4
31 39 42 29 4
4 24 80 44 4
4 23 118 12 4
4 20 191 22 4
2 17 202 4 4
2 16 11 11 4
2 14 10 4 4
574 575 598 130 29 4
574 575 597 132 10 4
574 575 596 127 2 4
574 573 590 30 20 4
574 457 472 6 12 4
574 457 471 210 1 4
574 306 312 128 1 4
574 225 233 164 17 4
574 225 232 38 3 4
574 216 222 14 17 4
574 216 221 122 2 4
570 573 590 30 9 4
570 573 589 189 12 4
570 573 587 87 5 4
570 318 332 125 26 4
570 275 284 216 6 4
570 275 282 117 2 4
570 275 281 180 11 4
552 545 555 0 6 4
552 545 554 82 1 4
505 513 439 182 5 4
505 510 536 172 5 4
505 509 530 12 35 4
505 508 521 115 14 4
505 338 354 140 8 4
505 305 308 49 22 4
505 305 307 47 5 4
503 488 501 177 3 4
455 460 482 116 18 4
455 460 480 65 1 4
455 460 479 158 8 4
455 460 478 68 9 4
455 459 477 173 8 4
455 457 471 210 12 4
455 456 463 96 14 4
455 185 189 77 3 4
455 5 27 183 13 4
442 486 494 236 9 4
442 441 453 105 1 4
442 186 194 190 14 4
442 163 178 169 3 4
442 34 53 211 11 4
442 34 52 37 10 4
442 34 50 84 15 4
412 487 497 167 5 4
412 487 496 85 25 4
412 426 119 58 1 4
412 425 587 87 14 4
412 415 439 182 10 4
412 410 417 46 12 4
412 276 290 174 2 4
412 32 43 17 13 4
398 395 399 131 7 4
398 228 201 152 18 4
396 400 255 4 13 4
396 356 365 163 11 4
396 164 184 89 8 4
396 164 182 134 1 4
396 164 181 221 3 4
396 164 180 48 15 4
396 91 99 234 21 4
396 91 98 213 13 4
396 91 95 64 1 4
396 34 50 84 18 4
376 545 554 82 7 4
376 510 536 172 5 4
376 507 520 197 20 4
376 378 393 153 1 4
376 378 392 136 28 4
376 378 390 188 6 4
376 377 385 110 2 4
376 240 244 135 11 4
376 1 11 5 7 4
358 356 365 163 1 4
358 306 312 128 1 4
358 225 232 38 24 4
358 164 180 48 13 4
358 161 174 70 5 4
358 161 173 22 12 4
358 132 146 103 14 4
358 132 144 21 6 4
358 62 74 111 11 4
357 356 365 163 8 4
357 356 362 200 4 4
357 335 342 71 13 4
357 335 341 178 18 4
357 335 340 142 2 4
357 335 339 203 1 4
357 186 194 190 2 4
357 186 193 50 11 4
355 506 519 73 23 4
355 506 516 224 2 4
355 415 439 182 13 4
355 356 362 200 19 4
355 356 361 208 15 4
355 316 323 232 3 4
355 105 115 151 5 4
355 105 114 60 2 4
355 105 111 235 13 4
346 150 598 130 9 4
337 347 156 154 16 4
337 347 42 141 7 4
337 338 354 140 20 4
337 335 339 203 11 4
337 196 202 145 12 4
317 510 536 172 9 4
317 325 423 159 23 4
317 315 321 86 3 4
317 315 320 186 13 4
317 75 82 196 13 4
300 545 554 82 2 4
300 511 537 104 2 4
300 335 339 203 2 4
300 305 307 47 7 4
300 198 214 56 9 4
300 185 189 77 9 4
300 185 187 40 9 4
300 163 178 169 3 4
300 160 165 55 2 4
300 62 74 111 21 4
293 124 222 14 10 4
293 44 138 26 10 4
289 276 290 174 24 4
260 459 477 173 9 4
260 306 312 128 6 4
260 306 311 199 2 4
260 266 53 211 21 4
260 264 434 43 10 4
257 243 259 9 10 4
257 243 258 114 5 4
257 243 255 4 18 4
241 441 453 105 10 4
241 441 451 193 3 4
241 441 448 161 16 4
241 414 437 44 4 4
241 414 435 175 20 4
241 318 332 125 2 4
241 318 331 129 5 4
241 305 307 47 4 4
241 249 169 146 2 4
241 225 232 38 4 4
241 225 230 108 4 4
241 215 219 149 2 4
241 130 138 26 15 4
238 245 453 105 3 4
236 166 516 224 9 4
197 509 530 12 12 4
197 509 529 8 15 4
197 509 528 79 7 4
197 508 521 115 1 4
197 243 255 4 4 4
197 242 253 57 12 4
197 242 251 192 12 4
197 131 142 91 1 4
197 33 45 20 24 4
195 546 557 112 5 4
195 316 323 232 6 4
195 305 307 47 10 4
195 277 292 194 2 4
195 225 230 108 16 4
195 225 229 34 12 4
195 198 214 56 2 4
195 131 142 91 19 4
195 131 140 100 7 4
162 414 435 175 4 4
162 414 434 43 24 4
162 163 178 169 4 4
162 160 165 55 5 4
152 134 153 109 14 4
152 134 149 144 7 4
133 456 463 96 1 4
133 411 423 159 13 4
133 411 419 63 11 4
133 397 405 93 6 4
133 397 402 237 18 4
133 397 401 54 9 4
133 242 251 192 2 4
133 147 361 208 10 4
133 131 140 100 6 4
133 130 138 26 1 4
90 548 565 168 15 4
90 548 563 218 12 4
90 278 295 155 22 4
90 262 273 102 4 4
90 130 138 26 14 4
90 76 84 217 9 4
90 76 83 23 7 4
77 226 237 124 29 4
77 226 234 99 5 4
77 76 83 23 3 4
61 547 561 1 11 4
61 547 559 119 12 4
61 441 448 161 5 4
61 441 447 148 2 4
61 335 339 203 5 4
61 62 74 111 10 4
60 66 221 122 4 4
60 63 312 128 10 4
35 413 429 181 12 4
35 305 307 47 7 4
35 59 294 179 14 4
35 58 476 51 12 4
35 57 416 45 9 4
35 30 37 24 3 4
31 457 469 143 17 4
31 262 273 102 2 4
31 38 385 110 2 4
4 26 404 233 23 4
4 25 214 56 23 4
3 546 557 112 2 4
3 441 447 148 1 4
3 410 417 46 6 4
3 410 416 45 3 4
3 198 214 56 8 4
3 198 211 36 11 4
3 198 209 176 8 4
3 160 165 55 5 4
2 92 104 39 6 4
2 92 102 25 1 4
2 0 6 147 12 4
579 571 578 496 85 7 4
579 571 511 537 104 9 4
574 571 511 537 104 3 4
574 571 107 119 58 4 4
570 572 581 475 90 20 4
570 572 581 42 141 6 4
570 300 62 74 111 7 4
570 300 62 73 16 5 4
505 227 440 445 32 4 4
505 227 440 444 98 8 4
505 227 440 443 205 6 4
505 227 375 383 113 10 4
505 227 375 380 121 3 4
503 488 315 320 186 1 4
503 488 242 251 192 1 4
503 488 186 193 50 8 4
455 458 459 477 173 5 4
455 458 459 475 90 15 4
442 571 107 119 58 7 4
442 486 487 496 85 13 4
442 486 306 311 199 11 4
442 108 377 385 110 4 4
442 108 279 299 156 15 4
442 108 275 281 180 3 4
442 108 275 280 81 1 4
442 108 106 118 74 4 4
442 5 512 544 206 3 4
398 395 279 299 156 2 4
396 395 279 299 156 1 4
396 395 75 82 196 3 4
396 395 75 78 215 3 4
396 260 264 434 43 8 4
396 260 186 193 50 4 4
376 507 509 528 79 20 4
376 378 186 193 50 1 4
376 240 246 248 219 17 4
358 374 576 544 206 4 4
358 164 182 128 231 11 4
355 506 519 52 37 1 4
355 506 511 537 104 1 4
355 458 459 475 90 12 4
355 458 262 273 102 3 4
355 105 112 380 121 4 4
337 338 76 83 23 11 4
317 510 535 342 71 1 4
317 510 534 149 144 6 4
317 510 511 537 104 1 4
317 510 508 521 115 2 4
289 276 277 292 194 9 4
289 276 277 291 13 7 4
241 318 315 320 186 13 4
241 318 306 311 199 4 4
241 240 246 248 219 3 4
241 5 512 544 206 12 4
241 5 512 542 31 2 4
239 227 375 380 121 9 4
197 243 186 193 50 3 4
197 33 512 542 31 10 4
195 225 315 320 186 7 4
195 225 232 448 161 3 4
195 225 232 119 58 1 4
195 215 106 118 74 28 4
195 215 30 37 24 2 4
162 486 306 311 199 13 4
162 486 216 221 122 6 4
162 177 9 597 132 11 4
162 176 367 229 34 7 4
162 164 182 128 231 5 4
162 164 161 173 22 3 4
162 164 161 170 239 2 4
162 164 161 169 146 12 4
162 164 160 165 55 11 4
133 131 440 443 205 3 4
133 105 112 380 121 18 4
113 105 112 380 121 1 4
113 105 106 118 74 5 4
113 105 106 117 187 23 4
113 105 62 73 16 6 4
90 548 564 183 62 6 4
90 215 30 37 24 4 4
90 130 163 178 169 2 4
90 93 426 119 58 4 4
77 226 186 193 50 2 4
77 88 433 370 78 5 4
72 595 575 596 127 4 1
61 547 546 557 112 2 4
61 547 546 556 228 2 4
61 225 232 119 58 4 4
61 70 67 165 55 3 4
60 318 277 291 13 13 4
35 413 432 284 216 28 4
35 413 411 419 63 2 4
35 305 309 302 160 4 4
35 305 308 399 131 1 4
35 227 375 380 121 2 4
35 227 196 202 145 1 4
35 227 196 201 152 3 4
35 31 34 50 84 3 4
3 507 509 528 79 1 4
3 507 509 524 3 5 4
3 507 508 521 115 17 4
3 441 549 567 223 2 4
3 410 470 87 123 4 4
3 198 160 165 55 1 4
3 125 549 567 223 33 4
2 336 91 95 64 9 4
2 336 91 94 29 1 4
2 226 186 193 50 3 4
2 226 186 191 92 1 4
2 130 163 178 169 6 4
2 130 137 258 114 9 4
2 92 161 169 146 19 4
2 92 101 51 72 11 4
2 5 512 542 31 1 4
579 159 135 158 114 60 3 4
574 337 338 76 83 23 4 4
570 300 545 549 567 223 4 4
570 300 125 126 270 165 12 4
503 488 502 67 165 55 19 4
455 300 125 126 270 165 5 4
396 395 75 80 427 204 1 4
358 376 240 246 248 219 8 4
355 458 459 477 471 210 7 4
355 357 125 126 270 165 2 4
293 124 129 348 117 187 7 4
195 571 107 120 312 128 4 4
195 316 75 80 427 204 1 4
162 486 487 498 282 117 4 4
162 486 487 497 87 123 5 4
162 486 487 496 115 151 2 4
162 486 306 314 270 165 5 4
162 164 75 80 427 204 2 4
133 132 145 112 380 121 8 4
133 131 440 444 529 8 13 4
113 105 125 126 270 165 2 4
113 100 92 101 51 72 1 4
113 29 5 512 542 31 3 4
113 29 5 512 541 107 3 4
113 29 5 28 194 190 1 4
90 278 276 277 291 13 7 4
77 337 338 76 83 23 5 4
77 132 145 112 380 121 7 4
61 486 306 314 270 165 1 4
61 486 216 223 476 51 2 4
60 318 306 314 270 165 5 4
60 318 306 313 323 232 4 4
60 318 306 311 118 74 2 4
60 318 306 310 178 169 2 4
60 318 215 30 37 24 1 4
35 305 308 399 501 177 10 4
35 227 375 383 448 161 3 4
35 227 196 201 340 142 1 4
35 31 457 470 87 123 5 4
35 31 38 425 587 87 5 4
4 1 216 223 476 51 1 4
3 441 440 444 529 8 10 4
3 441 440 443 87 123 2 4
3 198 210 584 469 143 2 4
2 336 91 411 419 63 5 4
2 226 186 192 590 30 16 4
2 130 487 496 115 151 2 4
2 130 487 356 361 208 1 4
579 159 135 276 277 291 13 1 4
503 488 242 186 192 590 30 3 4
455 300 545 549 568 451 193 10 4
455 300 545 548 564 183 62 4 4
442 108 377 386 535 342 71 1 4
358 376 384 491 485 489 97 1 4
358 376 240 216 223 476 51 3 4
358 376 31 38 425 587 87 3 4
358 376 1 216 223 73 16 8 4
257 345 336 91 411 419 63 1 4
257 203 197 33 512 541 107 8 4
113 105 125 549 568 451 193 5 4
113 100 92 161 168 6 147 3 4
90 300 545 548 564 183 62 2 4
90 300 545 548 562 340 142 17 4
77 357 125 549 568 451 193 1 4
77 357 125 33 512 541 107 13 4
77 357 125 33 48 559 119 3 4
61 225 227 196 201 340 142 1 4
60 318 306 313 323 229 34 3 4
3 4 1 216 223 73 16 4 4
257 345 336 316 75 80 362 200 1 4
152 134 132 145 112 568 451 193 1 4
133 134 132 145 112 568 451 193 6 4
113 100 92 306 313 323 229 34 1 4
77 357 125 33 512 541 447 148 4 4
72 61 225 227 196 201 340 142 7 1
2 130 487 356 363 383 448 161 3 4
396 260 130 487 356 363 383 448 161 1 4
346 150 134 132 145 112 568 451 193 2 4
