488

594 203 56 4
560 149 71 4
542 6 58 4
540 110 38 4
389 56 52 4
351 72 65 4
298 229 88 4
128 23 105 4
113 161 41 4
97 200 57 4
52 153 40 3
38 8 65 4
31 19 35 3
22 232 83 4
595 597 69 10 4
567 34 125 31 1
560 115 50 11 4
556 565 98 30 4
556 564 94 14 4
542 418 165 7 4
542 228 35 45 4
542 147 22 14 4
540 559 118 32 4
540 525 134 3 4
514 554 162 7 4
514 552 18 14 4
514 551 70 10 4
514 550 115 19 4
514 548 117 27 4
485 494 177 19 4
485 493 236 41 4
485 491 184 13 4
485 490 194 10 4
455 467 205 4 4
455 465 85 24 4
455 464 64 7 4
455 463 138 34 4
395 401 133 23 4
389 360 62 33 4
389 194 154 40 4
370 380 230 31 4
370 379 87 9 4
370 377 54 24 4
370 375 81 13 4
351 323 75 30 4
351 47 26 30 4
340 364 16 25 4
340 363 27 18 4
340 361 24 13 4
340 360 62 6 4
337 348 152 17 4
337 347 186 43 4
337 346 78 14 4
298 193 83 37 4
215 223 4 10 4
168 190 5 17 4
168 189 89 10 4
168 188 130 26 4
166 182 90 26 4
166 180 218 20 4
166 179 55 7 4
166 176 192 20 4
136 144 227 24 4
113 418 165 28 4
113 349 51 27 4
97 251 109 10 4
97 77 57 35 4
94 119 141 31 4
94 116 193 22 4
94 115 50 27 4
94 114 38 28 4
52 131 212 27 3
38 552 18 18 4
38 412 179 12 4
31 445 86 26 3
22 273 221 16 4
22 66 99 11 4
2 14 80 12 4
2 12 29 43 4
2 10 164 26 4
1 9 1 13 4
1 7 12 37 4
1 6 40 33 4
595 599 573 84 26 4
595 585 587 173 8 4
595 373 391 178 10 4
595 291 318 234 17 4
595 231 239 239 8 4
595 231 238 52 2 4
595 201 210 199 1 4
595 137 148 207 10 4
595 125 133 49 9 4
595 125 130 189 2 4
595 125 127 60 3 4
594 586 591 155 6 4
594 205 158 114 23 4
567 557 570 122 12 1
560 555 561 211 3 4
560 492 411 176 18 4
556 563 393 204 23 4
556 558 573 84 25 4
556 286 295 136 6 4
542 258 419 182 1 4
540 511 539 28 4 4
540 511 538 116 9 4
514 558 573 84 2 4
514 510 536 129 10 4
514 457 474 160 17 4
514 457 471 121 19 4
505 510 536 129 17 4
505 510 535 108 15 4
505 509 532 202 26 4
505 509 530 187 14 4
505 509 529 235 5 4
505 506 518 9 16 4
505 262 278 135 4 4
505 216 225 11 7 4
505 201 210 199 8 4
505 51 58 7 1 4
505 51 57 180 7 4
505 51 56 37 5 4
488 508 525 134 8 4
488 508 524 191 6 4
488 504 248 0 2 4
488 502 529 235 11 4
488 260 265 10 3 4
488 155 159 170 9 4
488 155 156 77 10 4
488 96 123 82 8 4
488 60 69 93 9 4
485 494 448 139 1 4
485 489 583 97 9 4
485 489 10 164 13 4
485 487 497 190 19 4
456 469 85 76 14 4
456 460 484 156 2 4
456 460 483 174 15 4
456 460 482 101 1 4
456 457 471 121 4 4
456 430 454 36 16 4
456 430 448 139 18 4
456 63 85 76 8 4
456 50 55 61 29 4
456 50 53 3 18 4
455 466 37 112 12 4
455 461 313 39 3 4
455 461 12 29 5 4
455 460 482 101 2 4
455 339 358 25 4 4
428 443 417 214 1 4
428 442 185 120 2 4
428 441 464 64 13 4
428 430 448 139 6 4
428 426 435 183 9 4
428 201 210 199 13 4
428 137 148 207 2 4
428 137 146 128 21 4
428 137 145 111 2 4
428 93 112 20 3 4
428 40 42 231 7 4
427 575 579 172 18 4
427 460 482 101 5 4
427 430 448 139 2 4
427 430 447 223 40 4
427 217 229 65 7 4
395 557 570 122 4 4
395 557 569 67 11 4
395 405 318 234 23 4
395 405 148 207 6 4
395 404 213 15 1 4
395 403 151 73 43 4
395 321 333 140 1 4
395 321 329 102 6 4
370 558 573 84 12 4
370 486 495 47 10 4
370 380 23 123 19 4
365 487 496 157 9 4
365 457 471 121 9 4
365 368 343 188 9 4
365 262 278 135 8 4
365 262 276 215 9 4
365 135 140 31 6 4
365 41 47 26 9 4
365 18 30 196 11 4
365 16 24 181 2 4
340 459 478 216 7 4
340 363 490 194 5 4
340 362 311 41 2 4
340 359 58 7 18 4
340 338 350 198 4 4
337 346 182 90 8 4
337 339 357 169 1 4
337 339 356 44 7 4
337 339 354 206 8 4
337 339 352 13 2 4
337 335 341 30 10 4
337 169 193 83 3 4
322 261 273 221 11 4
322 261 270 32 9 4
322 261 268 104 12 4
322 235 256 224 2 4
322 171 198 143 9 4
290 316 6 40 1 4
290 315 435 183 1 4
290 289 313 39 8 4
290 289 312 126 3 4
290 288 311 41 16 4
290 287 305 142 15 4
290 155 156 77 1 4
285 458 476 74 28 4
285 288 311 41 10 4
285 288 310 158 4 4
263 400 422 217 7 4
263 321 329 102 11 4
263 321 328 131 3 4
263 321 327 159 15 4
263 264 284 71 10 4
263 264 283 167 12 4
263 264 282 17 21 4
263 262 276 215 7 4
263 262 274 33 17 4
263 125 127 60 11 4
215 398 417 214 28 4
215 222 75 107 10 4
215 220 112 20 1 4
215 220 56 37 16 4
215 219 6 40 2 4
215 202 213 15 12 4
215 202 212 34 3 4
215 202 211 105 22 4
168 576 583 97 13 4
168 371 385 58 2 4
168 371 382 2 2 4
168 187 208 48 27 4
168 170 195 91 16 4
166 264 282 17 14 4
166 264 280 237 14 4
166 181 490 194 2 4
160 557 569 67 5 4
160 557 568 68 5 4
160 557 566 92 10 4
160 165 175 163 1 4
160 163 583 97 3 4
160 162 7 12 8 4
160 135 140 31 7 4
160 135 139 171 15 4
160 125 127 60 2 4
160 51 56 37 18 4
136 144 467 205 1 4
136 137 145 111 19 4
136 135 139 171 10 4
136 135 138 124 8 4
136 19 36 146 6 4
128 519 186 209 20 4
126 512 543 201 4 4
126 512 541 42 6 4
126 425 434 145 1 4
126 425 433 150 1 4
126 425 432 45 28 4
126 233 248 0 8 4
126 60 69 93 3 4
126 18 30 196 11 4
126 18 28 166 14 4
97 90 101 95 9 4
95 576 583 97 11 4
95 93 112 20 10 4
95 93 110 96 20 4
95 92 107 197 5 4
95 91 106 226 2 4
64 150 152 53 9 4
64 63 85 76 5 4
64 63 84 222 14 4
64 62 78 59 2 4
64 62 76 137 11 4
52 50 53 3 12 3
38 552 581 225 18 4
38 19 36 146 12 4
31 18 28 166 13 3
22 526 283 167 15 4
17 232 247 100 10 4
17 232 245 103 20 4
17 19 36 146 9 4
17 19 33 219 7 4
17 15 20 46 31 4
2 230 237 63 5 4
2 65 88 168 2 4
1 216 225 11 15 4
1 216 224 148 2 4
1 8 411 176 8 4
595 585 589 252 175 11 4
595 585 230 237 63 8 4
594 586 62 76 137 17 4
594 205 200 208 48 20 4
560 555 167 185 120 10 4
556 555 167 185 120 4 4
556 555 167 184 21 11 4
556 286 298 193 83 9 4
556 286 230 237 63 3 4
540 511 509 529 235 6 4
540 511 507 522 14 12 4
540 511 507 521 147 1 4
488 508 526 283 167 11 4
488 508 507 521 147 7 4
488 502 489 10 164 13 4
488 485 487 496 157 12 4
488 260 61 73 113 2 4
488 96 124 82 144 6 4
455 286 230 237 63 2 4
428 201 510 535 108 1 4
428 201 510 534 220 20 4
428 40 170 194 154 15 4
427 575 578 465 85 14 4
427 460 482 252 175 1 4
427 438 574 364 16 13 4
427 260 61 73 113 5 4
427 260 61 72 233 13 4
427 217 399 419 182 4 4
395 405 48 28 166 3 4
395 403 151 276 215 1 4
370 558 574 3 119 2 4
370 558 572 184 21 2 4
370 486 16 24 181 3 4
365 508 507 521 147 14 4
365 336 342 180 218 10 4
365 336 339 352 13 10 4
365 201 510 534 220 2 4
340 585 230 237 63 5 4
340 459 479 465 85 16 4
340 338 351 47 26 3 4
337 169 191 434 145 11 4
337 169 170 194 154 1 4
322 575 578 465 85 16 4
322 575 577 172 195 2 4
322 575 457 471 121 2 4
322 235 234 254 210 20 4
322 171 165 175 163 22 4
322 171 165 172 195 4 4
322 171 16 24 181 6 4
290 336 339 352 13 15 4
290 289 41 47 26 5 4
290 289 41 46 228 1 4
290 287 306 85 76 12 4
290 287 305 208 48 2 4
290 155 157 212 34 15 4
290 155 65 88 168 5 4
285 458 372 388 185 17 4
285 287 304 484 156 12 4
263 400 423 33 219 6 4
263 262 277 12 29 1 4
215 398 416 356 44 5 4
215 398 414 310 158 5 4
215 217 399 419 182 1 4
215 217 226 364 16 1 4
215 217 226 146 128 2 4
215 217 91 106 226 7 4
166 287 304 484 156 4 4
166 264 281 535 108 4 4
160 557 576 583 97 4 4
160 374 373 391 178 9 4
160 217 91 106 226 15 4
160 171 16 24 181 13 4
160 171 16 23 123 10 4
136 430 448 391 178 9 4
136 400 423 33 219 13 4
136 400 421 364 16 10 4
136 400 396 411 176 20 4
136 400 396 407 66 1 4
126 425 432 189 89 1 4
126 425 431 195 91 9 4
126 60 68 310 158 15 4
126 60 67 238 52 3 4
126 60 62 76 137 7 4
97 90 102 23 123 2 4
97 90 99 543 201 3 4
97 90 41 46 228 2 4
97 90 41 45 106 1 4
97 90 41 43 127 1 4
97 77 323 522 14 5 4
95 96 124 82 144 23 4
95 92 320 324 43 5 4
95 92 93 110 96 5 4
95 92 91 106 226 6 4
95 90 41 43 127 12 4
94 585 230 237 63 8 4
94 585 230 236 238 1 4
94 96 16 23 123 7 4
94 96 16 21 132 1 4
64 150 151 276 215 6 4
64 150 137 145 111 4 4
64 90 41 43 127 11 4
64 87 469 85 76 9 4
64 40 170 194 154 2 4
52 50 487 496 157 1 3
31 18 170 194 154 7 3
17 19 39 474 160 5 4
17 19 15 20 46 1 4
2 400 396 407 66 2 4
2 400 396 406 208 3 4
2 321 331 375 81 4 4
2 321 327 82 144 13 4
1 374 373 391 178 9 4
1 374 288 308 151 4 4
560 492 485 487 496 157 3 4
560 492 485 397 413 79 7 4
560 492 485 0 3 119 1 4
540 559 555 167 184 21 7 4
540 559 555 135 138 124 4 4
540 511 509 16 21 132 3 4
488 160 171 16 21 132 8 4
455 595 291 513 546 88 2 4
455 595 291 317 198 143 2 4
428 443 220 56 524 191 10 4
427 260 61 74 159 170 3 4
395 370 486 16 21 132 1 4
365 508 507 521 110 96 2 4
365 508 507 512 541 42 2 4
365 201 510 537 182 90 13 4
340 338 351 323 522 14 3 4
322 575 457 472 273 221 6 4
322 261 398 414 310 158 2 4
322 261 398 414 101 95 2 4
285 508 507 512 541 42 4 4
285 458 459 477 561 211 1 4
285 160 171 16 21 132 4 4
285 160 125 487 496 157 6 4
285 160 125 93 110 96 18 4
285 160 51 59 407 66 10 4
263 260 61 74 159 170 3 4
263 260 61 71 208 48 1 4
168 371 374 288 308 151 12 4
166 287 425 431 195 91 9 4
166 287 304 484 467 205 4 4
166 264 262 277 12 29 1 4
136 430 454 484 467 205 4 4
126 233 51 59 407 66 1 4
126 60 61 71 208 48 13 4
95 575 457 472 273 221 5 4
95 575 200 207 182 90 3 4
95 575 200 62 75 107 3 4
95 92 320 323 522 14 3 4
95 92 91 106 42 231 3 4
64 90 200 62 75 107 13 4
64 90 51 59 407 66 3 4
64 90 41 372 386 213 4 4
52 131 83 63 84 222 13 3
52 50 576 584 55 61 3 3
52 50 576 65 88 168 4 3
31 445 429 513 546 88 2 3
31 18 170 165 172 195 3 3
17 575 200 62 75 107 15 4
17 575 150 137 145 111 3 4
17 232 235 234 254 210 10 4
17 232 235 234 252 175 3 4
17 19 15 373 391 178 1 4
2 400 396 409 333 140 9 4
2 400 396 288 308 151 3 4
1 430 454 484 467 205 4 4
567 34 19 15 373 391 178 3 1
560 492 485 235 234 252 175 1 4
455 595 585 155 65 88 168 2 4
455 595 585 51 59 407 66 15 4
455 595 585 51 56 524 191 6 4
395 405 48 41 47 463 138 2 4
290 336 342 180 226 146 128 12 4
290 336 264 262 277 12 29 10 4
290 336 260 61 71 208 48 3 4
285 458 459 460 482 252 175 2 4
285 160 557 576 65 88 168 9 4
113 94 585 51 56 524 191 6 4
113 94 96 16 21 467 205 6 4
95 160 557 576 65 88 168 5 4
64 160 557 576 65 88 168 1 4
64 160 557 235 234 252 175 9 4
64 160 125 487 499 213 15 17 4
64 160 125 487 498 3 119 3 4
64 160 125 128 519 186 209 2 4
31 445 429 446 99 543 201 3 3
17 575 578 117 71 208 48 1 4
17 575 200 207 59 407 66 2 4
17 575 200 62 76 535 108 3 4
17 575 150 137 149 229 65 3 4
594 586 337 169 165 173 237 63 3 4
567 34 19 15 16 21 467 205 2 1
455 595 231 217 91 106 42 231 1 4
95 92 320 201 510 537 182 90 4 4
17 575 578 117 71 208 493 236 1 4
2 321 327 82 304 484 467 205 3 4
113 349 337 169 170 165 173 237 63 1 4
