448

596 32 16 1
571 73 56 4
548 81 31 3
521 88 62 4
491 36 51 3
485 60 54 3
461 176 47 3
434 7 75 4
364 45 55 4
342 133 53 3
311 226 57 4
294 197 23 2
291 42 101 4
269 210 63 3
262 143 46 3
245 120 70 4
203 158 107 4
192 105 77 4
150 20 39 3
67 207 54 3
49 145 29 2
39 74 96 4
596 473 77 24 1
571 97 26 27 4
548 399 22 34 3
543 391 51 16 4
543 190 225 46 4
543 120 35 50 4
521 540 199 25 4
510 517 6 23 4
510 516 170 23 4
491 537 37 18 3
485 471 172 24 3
485 44 213 22 3
476 490 80 7 4
476 488 195 19 4
476 487 125 46 4
476 486 190 18 4
476 484 101 18 4
476 483 78 17 4
462 580 61 19 3
462 115 137 23 3
461 527 189 9 3
461 216 153 10 3
434 483 78 5 4
434 371 228 23 4
434 313 17 22 4
428 446 177 32 4
428 445 144 20 4
428 443 221 22 4
428 442 68 4 4
428 441 9 9 4
427 440 28 21 4
427 439 212 23 4
427 438 146 17 4
427 437 166 38 4
378 394 193 7 4
378 392 188 14 4
378 391 51 2 4
364 471 172 15 4
364 215 95 32 4
342 337 148 29 3
340 344 43 6 4
340 343 69 25 4
340 341 123 33 4
320 327 140 41 4
320 326 50 21 4
320 324 1 12 4
311 143 150 39 4
311 44 213 29 4
294 325 99 18 2
291 501 224 24 4
285 308 128 5 4
285 306 59 2 4
285 305 171 6 4
270 275 52 5 4
270 274 127 26 4
270 273 100 9 4
270 272 25 8 4
269 593 104 25 3
262 228 167 33 3
245 419 111 25 4
245 40 219 11 4
225 251 56 25 4
225 250 161 14 4
203 534 233 12 4
192 234 159 41 4
182 198 129 15 4
182 197 168 2 4
150 597 119 13 3
130 137 182 24 4
130 132 29 38 4
116 66 18 14 0
108 74 106 25 1
104 123 110 29 4
104 122 62 16 4
100 110 92 38 4
100 107 203 20 4
100 106 46 13 4
90 97 26 13 4
90 96 65 2 4
90 95 115 16 4
90 94 227 17 4
67 466 162 23 3
49 452 27 22 2
8 25 142 25 4
8 24 98 26 4
8 23 179 6 4
8 22 49 14 4
8 18 206 19 4
6 14 239 18 4
6 13 0 17 4
596 579 599 236 3 1
571 561 573 109 2 4
571 561 570 218 17 4
571 561 568 173 20 4
571 561 567 208 3 4
548 545 551 223 7 3
548 399 296 47 7 3
543 38 137 182 13 4
521 512 525 118 5 4
521 512 523 163 14 4
521 512 522 141 16 4
521 166 468 180 3 4
510 516 441 9 27 4
510 514 533 31 4 4
510 511 520 204 23 4
510 511 519 102 2 4
491 477 492 2 1 3
475 512 522 141 11 4
475 481 509 72 18 4
475 479 502 24 19 4
475 220 231 164 18 4
475 220 230 220 11 4
475 220 229 155 2 4
462 456 467 185 11 3
462 456 464 91 19 3
462 115 10 21 21 3
461 456 464 91 13 3
461 456 460 82 6 3
461 81 503 214 12 3
455 457 468 180 14 4
455 429 450 19 6 4
455 405 412 216 11 4
455 224 246 55 28 4
428 447 443 221 22 4
428 446 246 55 5 4
428 444 178 33 11 4
427 437 586 48 10 4
427 426 435 83 16 4
406 405 412 216 13 3
406 405 411 149 12 3
406 405 409 97 7 3
406 380 404 192 1 3
406 380 403 79 1 3
406 380 401 53 2 3
406 287 319 191 14 3
406 287 316 202 25 3
406 287 315 139 11 3
378 425 431 134 5 4
378 395 401 53 41 4
378 376 385 84 4 4
378 375 468 180 12 4
378 375 383 44 14 4
378 323 339 151 2 4
378 323 335 107 3 4
378 131 138 130 11 4
364 471 97 26 8 4
364 347 361 66 15 4
350 479 502 24 8 4
350 479 501 224 1 4
350 374 327 140 9 4
350 349 371 228 31 4
350 347 361 66 16 4
350 347 360 198 8 4
342 337 179 184 8 3
340 562 574 96 5 4
340 546 554 175 1 4
340 480 503 214 1 4
340 346 357 122 5 4
340 346 356 156 3 4
340 271 279 211 22 4
320 456 460 82 27 4
320 426 435 83 4 4
320 426 433 63 4 4
320 0 4 38 15 4
294 283 297 89 27 2
294 283 296 47 2 2
285 425 431 134 5 4
285 380 401 53 3 4
285 307 297 89 20 4
285 287 315 139 7 4
285 287 313 17 19 4
285 284 302 13 5 4
285 282 293 90 15 4
285 281 290 237 14 4
270 560 564 93 2 4
270 321 328 57 7 4
270 101 113 222 15 4
270 70 77 40 21 4
225 514 533 31 4 4
225 227 257 157 9 4
225 226 254 71 12 4
225 211 219 121 11 4
225 211 216 153 1 4
203 402 522 141 2 4
203 183 202 41 4 4
192 81 503 214 5 4
192 19 573 109 1 4
182 430 454 8 19 4
182 430 452 27 3 4
182 196 343 69 21 4
182 185 207 169 10 4
182 181 190 225 1 4
182 181 188 196 6 4
182 140 144 94 19 4
182 140 143 150 3 4
182 0 4 38 5 4
156 375 382 200 24 3
156 159 179 184 13 3
156 159 178 33 4 3
156 159 176 103 21 3
156 157 170 235 10 3
156 155 162 232 20 3
150 142 153 75 7 3
150 142 152 14 14 3
130 408 420 114 2 4
130 155 162 232 2 4
130 9 29 174 3 4
130 9 28 3 2 4
116 103 120 35 1 0
108 74 315 139 8 1
104 283 296 47 2 4
104 124 570 218 3 4
104 123 383 44 20 4
104 105 128 4 26 4
104 105 127 217 6 4
104 103 119 117 21 4
100 103 119 117 7 4
100 102 114 113 34 4
91 560 564 93 4 4
91 379 397 67 1 4
91 282 293 90 16 4
91 180 186 205 11 4
91 158 174 152 23 4
91 141 149 181 34 4
91 141 148 178 1 4
90 576 588 229 16 4
90 576 587 183 13 4
90 547 559 131 2 4
90 547 556 5 6 4
90 535 540 199 1 4
90 223 243 147 14 4
90 98 257 157 25 4
71 478 496 215 5 4
71 322 334 58 11 4
71 322 333 116 17 4
71 321 328 57 1 4
71 185 207 169 13 4
71 70 77 40 10 4
71 70 76 23 14 4
56 576 587 183 4 4
56 576 586 48 1 4
56 576 585 165 5 4
56 576 584 16 8 4
56 261 265 231 15 4
56 70 76 23 7 4
56 55 61 112 19 4
56 55 58 124 4 4
39 235 339 151 15 4
39 31 43 138 12 4
39 31 40 219 2 4
34 535 540 199 4 4
34 535 538 186 27 4
34 511 519 102 6 4
34 105 127 217 5 4
34 32 44 213 19 4
30 380 401 53 9 3
30 377 390 160 13 3
30 323 335 107 1 3
30 35 300 39 5 3
30 31 40 219 18 3
30 9 28 3 29 3
30 9 26 70 1 3
30 0 4 38 2 3
8 19 573 109 12 4
8 0 4 38 12 4
8 0 1 238 11 4
6 73 88 201 5 4
6 73 86 132 12 4
6 7 17 12 12 4
6 7 16 108 5 4
6 5 11 64 2 4
596 579 577 590 87 3 1
548 545 552 113 222 1 3
548 545 549 588 229 4 3
548 545 375 382 200 4 3
548 545 323 335 107 7 3
548 545 55 58 124 5 3
510 65 560 564 93 1 4
510 65 560 563 230 1 4
510 65 140 143 150 3 4
510 65 70 76 23 6 4
491 477 493 582 209 30 3
475 512 561 567 208 7 4
475 477 493 582 209 2 4
475 8 0 1 238 2 4
455 545 55 58 124 15 4
455 458 376 385 84 7 4
455 429 430 452 27 10 4
455 429 430 451 30 7 4
455 224 247 202 41 7 4
378 131 157 170 235 10 4
350 479 577 590 87 20 4
350 479 500 305 171 4 4
350 479 499 411 149 6 4
350 347 362 585 165 10 4
342 212 471 97 26 8 3
340 546 547 556 5 17 4
340 546 157 170 235 7 4
320 456 463 501 224 1 4
285 425 426 432 15 8 4
285 281 284 302 13 5 4
285 281 284 301 135 5 4
269 593 578 595 234 12 3
245 224 247 202 41 14 4
225 514 513 530 54 5 4
225 227 259 137 182 4 4
225 227 223 243 147 1 4
225 226 255 599 236 5 4
225 226 223 243 147 11 4
225 211 218 257 157 23 4
192 81 307 297 89 1 4
182 181 190 451 30 18 4
156 456 463 501 224 5 3
150 142 210 215 95 2 3
150 142 210 213 85 2 3
130 546 157 170 235 7 4
130 408 423 501 224 15 4
130 408 422 441 9 1 4
130 408 422 122 62 8 4
130 155 536 541 10 8 4
130 132 19 573 109 2 4
100 458 376 385 84 12 4
91 282 293 144 94 5 4
91 282 292 441 9 16 4
91 282 284 301 135 6 4
91 141 147 421 86 6 4
71 478 494 394 193 3 4
71 478 494 272 25 26 4
71 322 321 328 57 5 4
71 226 223 243 147 3 4
71 185 348 369 154 5 4
71 72 82 25 142 1 4
56 576 583 564 93 9 4
56 576 577 590 87 1 4
56 261 266 438 146 3 4
56 158 173 149 181 3 4
56 141 147 421 86 12 4
56 141 146 594 34 29 4
56 141 145 492 2 3 4
49 33 32 44 213 19 2
34 535 430 451 30 12 4
34 181 190 451 30 5 4
34 181 184 204 76 9 4
30 476 487 246 55 4 3
30 476 183 202 41 3 3
30 476 183 200 194 7 3
30 31 42 464 91 7 3
6 546 157 170 235 3 4
6 546 157 169 11 1 4
6 261 266 438 146 2 4
6 73 89 257 157 7 4
6 73 87 438 146 8 4
6 5 577 590 87 1 4
510 286 211 218 257 157 4 4
510 65 535 430 451 30 8 4
475 477 479 499 411 149 11 4
475 477 271 276 519 102 1 4
475 220 221 232 176 103 5 4
475 8 476 183 200 194 8 4
455 545 552 134 29 174 1 4
455 545 479 499 411 149 9 4
455 545 479 457 468 180 1 4
455 545 323 336 238 126 5 4
406 405 410 291 501 224 6 3
406 340 346 354 401 53 5 3
350 65 535 222 238 126 12 4
342 340 346 354 401 53 1 3
342 340 271 276 519 102 1 3
285 287 282 284 301 135 6 4
270 280 289 446 246 55 2 4
270 280 282 284 301 135 1 4
270 280 281 284 301 135 5 4
270 280 281 284 300 39 3 4
262 260 271 276 519 102 1 3
262 260 271 276 152 14 1 3
245 224 221 232 176 103 5 4
156 165 47 19 573 109 3 3
150 142 407 417 334 58 5 3
130 408 407 417 334 58 8 4
130 408 407 415 236 136 4 4
108 74 70 76 522 141 3 1
100 458 376 386 563 230 1 4
91 180 547 558 128 4 2 4
71 478 494 272 563 230 5 4
71 226 223 241 254 71 6 4
67 65 535 222 238 126 1 3
67 65 140 578 595 234 12 3
67 65 140 210 213 85 2 3
67 65 70 76 522 141 3 3
49 33 32 44 432 15 5 2
34 408 407 415 29 174 5 4
34 345 429 430 451 30 11 4
34 105 129 386 563 230 10 4
30 377 281 284 300 39 1 3
6 261 267 291 501 224 5 4
6 261 267 291 77 40 7 4
6 261 266 76 522 141 1 4
596 579 576 103 115 10 21 2 1
596 473 458 376 385 265 231 2 1
475 512 561 569 307 297 89 2 4
475 8 476 183 202 585 165 7 4
455 545 479 457 469 328 57 4 4
406 405 410 191 214 1 238 3 3
270 280 282 293 144 197 168 5 4
270 101 105 129 386 563 230 16 4
262 260 271 276 152 588 229 10 3
262 228 220 221 222 238 126 2 3
262 228 220 221 222 236 136 6 3
182 260 271 276 152 588 229 3 4
130 260 271 276 152 588 229 1 4
108 100 458 376 385 265 231 1 1
104 101 105 129 386 341 123 2 4
67 65 140 407 415 29 174 3 3
67 65 140 210 214 1 238 1 3
67 65 140 210 9 26 70 1 3
56 158 173 149 446 246 55 2 4
34 345 105 129 386 341 123 2 4
6 340 546 547 558 128 4 5 4
6 340 546 157 170 128 4 6 4
6 340 271 276 152 588 229 2 4
475 8 476 183 185 348 365 187 1 4
262 228 220 221 222 237 361 66 1 3
116 66 65 140 210 9 26 70 2 0
34 575 101 105 129 386 341 123 10 4
6 261 267 291 501 422 122 62 6 4
116 66 65 287 282 293 144 197 168 1 0
