473

590 102 64 4
589 41 33 4
523 176 46 4
481 220 61 5
454 216 71 4
423 170 32 3
413 50 22 1
401 86 24 2
387 222 61 4
384 79 31 2
383 31 78 5
365 75 30 2
344 0 58 4
329 175 27 4
290 7 31 1
271 128 20 1
254 28 54 4
217 42 39 2
187 1 69 4
159 100 25 1
141 221 70 4
88 48 44 3
53 143 29 4
47 87 79 4
21 172 18 1
599 479 96 10 2
599 436 165 34 2
590 359 209 27 4
590 234 154 18 4
590 188 103 9 4
590 37 88 2 4
589 574 134 23 4
582 246 239 42 4
582 119 69 32 4
576 586 135 17 5
576 583 234 7 5
576 581 108 17 5
552 402 204 41 2
523 158 72 31 4
522 474 19 36 2
514 541 218 4 5
514 540 51 29 5
514 539 4 10 5
510 526 131 23 8
510 520 11 36 8
497 509 202 35 5
481 564 39 33 5
477 490 185 33 5
477 489 164 2 5
423 580 215 4 3
423 331 65 23 3
413 314 26 11 1
403 370 123 33 2
403 286 13 2 2
401 186 236 14 2
401 151 24 9 2
387 595 74 14 4
384 319 70 20 2
383 243 130 24 5
365 182 163 18 2
350 359 209 1 5
350 358 126 6 5
345 561 54 14 2
345 502 188 39 2
344 483 92 35 4
329 555 99 33 4
300 303 62 39 5
290 112 156 12 1
282 294 21 19 5
282 293 151 3 5
282 292 157 47 5
271 533 60 12 1
255 265 17 36 5
255 264 136 29 5
255 263 3 4 5
255 261 110 5 5
255 260 129 22 5
254 376 145 18 4
254 373 117 31 4
226 252 189 2 5
224 246 239 7 5
224 244 104 5 5
224 243 130 24 5
207 219 238 9 5
207 216 107 20 5
187 499 113 8 4
187 445 183 8 4
187 139 208 25 4
179 198 118 8 5
179 197 223 17 5
179 196 85 46 5
159 236 179 25 1
145 291 29 22 2
145 52 66 32 2
144 571 144 25 0
141 489 164 19 4
141 336 58 32 4
99 119 69 37 5
88 377 174 10 3
88 94 43 12 3
72 84 27 45 5
72 83 190 7 5
72 81 97 37 5
71 80 178 23 5
71 77 15 11 5
71 76 228 31 5
71 75 68 16 5
53 38 147 34 4
49 249 83 38 2
49 8 184 11 2
47 7 148 29 4
21 530 55 15 1
0 6 80 41 5
0 5 61 13 5
599 579 598 81 16 2
599 411 366 232 1 2
599 411 219 238 12 2
589 574 398 138 5 4
589 535 83 190 3 4
582 87 482 193 1 4
582 87 122 94 19 4
576 587 528 206 12 5
576 578 594 57 23 5
576 578 592 91 17 5
576 545 551 45 12 5
576 223 240 52 18 5
576 223 239 122 20 5
552 545 551 45 17 2
523 162 237 227 7 4
523 162 84 27 2 4
514 540 40 32 21 5
514 512 530 55 3 5
514 85 89 95 8 5
514 60 64 40 15 5
514 60 63 132 7 5
514 60 62 121 17 5
514 3 19 63 22 5
510 579 598 81 6 8
510 525 539 4 2 8
510 516 544 173 18 8
510 515 542 146 8 8
510 512 530 55 3 8
510 511 528 206 30 8
510 511 527 22 2 8
510 455 460 231 9 8
510 301 308 203 2 8
510 283 298 38 24 8
510 90 94 43 3 8
497 516 544 173 2 5
497 496 508 112 20 5
497 393 409 5 3 5
497 393 408 161 14 5
497 393 407 198 4 5
497 310 315 2 12 5
497 301 308 203 1 5
497 301 305 233 8 5
497 180 202 169 2 5
497 85 89 95 7 5
497 51 56 200 25 5
497 51 54 114 7 5
481 475 482 193 23 5
481 475 479 96 14 5
481 215 160 127 9 5
477 457 469 133 27 5
477 457 468 192 8 5
477 457 466 47 3 5
477 393 407 198 22 5
477 301 305 233 17 5
477 259 275 219 2 5
477 60 62 121 13 5
477 60 61 116 9 5
454 434 451 64 7 4
454 214 76 228 28 4
423 397 428 34 14 3
423 331 436 165 8 3
413 394 414 142 6 1
413 394 412 119 3 1
403 391 402 204 3 2
387 385 386 9 19 4
384 356 382 89 4 2
365 351 366 232 18 2
365 351 364 207 9 2
350 357 544 173 20 5
350 354 374 230 8 5
350 354 373 117 11 5
350 354 371 197 24 5
350 351 364 207 6 5
350 351 362 177 9 5
350 180 202 169 4 5
350 180 200 162 12 5
345 325 349 187 5 2
344 410 436 165 11 4
329 525 539 4 30 4
329 320 327 225 4 4
329 320 326 237 4 4
300 355 380 205 15 5
300 355 379 84 10 5
300 355 378 53 4 5
300 301 305 233 3 5
300 258 273 36 12 5
290 281 289 71 4 1
290 281 288 93 2 1
282 283 298 38 3 5
282 281 288 93 5 5
282 280 286 13 18 5
282 280 284 212 7 5
271 257 270 18 3 1
271 257 268 201 4 1
255 496 508 112 6 5
255 264 451 64 7 5
255 132 146 59 12 5
226 550 573 210 3 5
226 550 571 144 1 5
226 457 466 47 18 5
226 253 20 6 17 5
226 250 6 80 10 5
226 221 233 211 19 5
224 280 284 212 2 5
224 243 509 202 8 5
224 242 359 209 10 5
224 222 238 168 4 5
224 221 233 211 9 5
224 136 160 127 14 5
224 98 116 195 24 5
224 51 54 114 14 5
207 458 473 23 10 5
207 432 442 109 13 5
207 432 441 115 13 5
207 432 440 12 11 5
207 206 213 229 18 5
207 120 126 181 12 5
207 120 123 196 3 5
207 27 40 32 2 5
207 27 39 180 15 5
187 175 185 139 15 4
179 322 333 141 30 5
179 322 332 153 15 5
179 177 193 14 7 5
179 175 185 139 10 5
179 175 183 124 4 5
145 291 94 43 7 2
145 132 146 59 11 2
141 489 398 138 4 4
99 310 313 101 6 5
99 97 109 49 7 5
99 96 103 125 1 5
99 65 66 76 24 5
72 476 487 78 27 5
72 476 484 105 6 5
72 220 229 214 7 5
71 456 463 46 11 5
71 121 127 20 8 5
71 78 580 215 14 5
53 50 52 66 28 4
53 38 261 110 8 4
49 249 13 194 7 2
47 28 45 150 17 4
21 4 22 199 2 1
21 4 20 6 15 1
0 547 558 171 21 5
0 547 555 99 6 5
0 133 151 24 2 5
0 133 150 149 4 5
0 133 147 33 5 5
0 2 13 194 23 5
0 1 11 25 5 5
590 498 328 598 81 5 4
589 577 579 598 81 1 4
589 577 549 569 111 16 4
589 577 549 568 16 6 4
576 513 537 84 27 7 5
552 545 548 564 39 6 2
552 464 452 374 230 10 2
522 474 458 473 23 1 2
522 269 257 268 201 16 2
514 478 494 573 210 14 5
510 520 128 566 8 7 8
510 515 511 527 22 16 8
510 513 537 84 27 4 8
510 512 95 100 158 5 8
510 455 578 592 91 4 8
497 85 351 362 177 10 5
481 475 1 11 25 2 5
481 475 1 9 213 3 5
481 429 397 428 34 5 5
477 259 276 479 96 11 5
477 60 476 484 105 3 5
413 394 411 219 238 2 1
403 391 397 428 34 8 2
403 391 397 427 166 12 2
403 391 397 425 226 1 2
403 391 393 407 198 4 2
403 391 393 406 137 12 2
401 391 393 406 137 9 2
387 385 548 564 39 6 4
387 385 548 561 54 8 4
387 385 516 544 173 1 4
387 385 353 370 123 5 4
387 385 165 167 73 6 4
384 356 98 116 195 5 2
384 356 98 112 156 7 2
384 356 98 111 77 1 2
383 18 3 19 63 18 5
383 18 3 16 140 16 5
383 18 3 15 67 8 5
350 352 367 81 97 3 5
350 352 351 361 182 4 5
350 180 176 188 103 8 5
350 180 28 45 150 5 5
345 502 495 499 113 3 2
345 325 349 362 177 1 2
345 325 324 343 120 9 2
329 320 328 598 81 10 4
329 320 324 343 120 7 4
329 194 177 193 14 3 4
300 311 90 94 43 7 5
300 301 166 170 56 30 5
300 301 1 9 213 5 5
290 59 51 54 114 1 1
282 283 298 77 15 9 5
282 283 297 216 107 1 5
282 60 476 484 105 15 5
282 60 222 238 168 2 5
282 60 4 20 6 5 5
255 496 433 449 191 25 5
255 259 276 479 96 1 5
254 376 355 378 53 7 4
254 376 355 375 224 4 4
254 91 471 124 35 5 4
226 550 574 398 138 2 5
226 550 390 399 37 1 5
226 550 390 398 138 8 5
226 550 1 9 213 12 5
226 457 466 103 125 6 5
226 225 222 238 168 6 5
226 223 256 267 10 10 5
226 223 256 266 159 23 5
226 223 222 237 227 9 5
224 242 359 153 98 4 5
224 225 222 237 227 10 5
224 221 95 100 158 10 5
224 221 25 37 88 5 5
217 272 258 273 36 1 2
207 432 433 445 183 3 5
207 432 222 237 227 6 5
207 432 222 236 179 1 5
207 205 211 147 33 3 5
207 70 323 339 82 11 5
179 322 97 109 49 1 5
99 395 4 20 6 1 5
99 310 549 568 16 4 5
99 310 549 567 186 15 5
99 310 549 566 8 7 5
99 180 28 45 150 11 5
99 96 256 266 159 1 5
99 96 136 160 127 3 5
99 65 396 420 90 9 5
88 377 355 375 224 3 3
88 377 215 160 127 4 3
88 85 351 361 182 12 3
71 65 355 375 224 13 5
71 65 324 342 155 14 5
53 117 98 111 77 3 4
53 50 511 527 22 3 4
53 50 206 213 229 2 4
53 50 134 153 98 1 4
49 29 48 292 157 9 2
0 547 558 119 69 6 5
0 131 130 468 192 3 5
0 27 41 586 135 14 5
0 27 25 35 152 7 5
589 535 513 536 560 160 7 4
582 576 513 536 560 160 8 4
582 576 513 536 469 133 2 4
582 576 223 222 236 179 6 4
582 576 70 323 337 235 1 4
582 576 70 73 327 225 5 4
582 576 29 48 292 157 3 4
552 545 496 433 445 183 1 2
522 474 458 548 561 54 2 2
522 269 257 268 528 206 2 2
522 269 257 256 266 159 4 2
522 269 257 97 109 49 12 2
510 518 105 97 109 49 5 8
510 518 105 97 108 106 3 8
510 455 578 594 275 219 1 8
510 455 578 575 580 215 1 8
510 207 70 73 327 225 13 8
454 434 450 140 289 71 15 4
454 434 321 330 416 217 4 4
423 331 322 97 106 30 8 3
423 331 322 1 9 213 2 3
413 314 310 549 566 8 6 1
401 391 546 136 160 127 1 2
401 391 393 406 539 4 9 2
387 595 578 575 580 215 3 4
387 385 353 351 361 182 2 4
384 356 353 351 361 182 3 2
384 356 352 351 361 182 3 2
345 502 495 1 9 213 1 2
344 410 394 411 219 238 5 4
344 410 394 396 420 90 2 4
344 410 394 396 416 217 2 4
329 316 310 549 566 8 4 4
329 194 177 192 313 101 3 4
300 311 90 51 54 114 1 5
300 301 166 173 8 184 9 5
282 60 476 487 592 91 8 5
282 60 61 211 147 33 8 5
271 533 513 536 469 133 2 1
255 259 283 297 216 107 3 5
226 550 390 176 188 103 3 5
217 207 70 73 327 225 9 2
217 207 27 25 35 152 5 2
217 207 27 25 30 167 1 2
179 385 165 168 153 98 9 5
179 385 29 48 292 157 3 5
99 395 4 1 9 213 3 5
72 220 432 222 236 179 1 5
71 121 205 211 147 33 9 5
53 117 98 116 238 168 2 4
53 50 511 527 375 224 5 4
53 50 225 222 236 179 7 4
589 577 579 578 575 580 215 10 4
589 577 579 578 97 106 30 10 4
589 577 385 29 48 292 157 1 4
582 576 223 221 25 30 167 3 4
401 391 546 136 133 147 33 3 2
401 391 397 422 537 84 27 2 2
384 356 352 351 360 6 80 1 2
383 356 352 351 360 6 80 6 5
350 577 385 29 48 292 157 23 5
350 577 60 61 211 147 33 1 5
345 502 495 166 173 8 184 1 2
344 410 394 396 421 386 9 1 4
344 410 394 166 173 8 184 8 4
300 311 90 458 548 561 54 5 5
300 311 90 458 548 560 160 10 5
217 272 208 205 211 147 33 2 2
217 272 208 205 176 188 103 4 2
217 207 120 65 324 342 155 8 2
217 207 0 27 25 30 167 3 2
99 395 90 458 548 560 160 4 5
99 395 4 1 10 216 107 4 5
88 85 431 430 433 445 183 7 3
88 85 431 430 433 444 44 6 3
72 220 90 458 548 560 160 6 5
72 220 90 430 433 444 44 2 5
72 220 90 321 330 416 217 1 5
72 85 431 430 433 444 44 6 5
53 50 259 283 297 216 107 3 4
582 576 223 475 1 10 216 107 3 4
523 510 207 0 27 25 30 167 5 4
522 269 257 90 321 330 416 217 2 2
401 391 546 515 511 527 375 224 4 2
350 577 385 353 351 360 6 80 5 5
344 410 394 392 396 421 386 9 3 4
254 226 550 390 393 406 539 4 6 4
217 272 208 205 176 190 460 231 3 2
99 395 394 392 396 421 386 9 7 5
99 395 4 2 1 10 216 107 4 5
99 395 4 2 1 9 586 135 2 5
72 85 431 430 433 447 123 196 5 5
523 510 207 120 90 321 330 416 217 4 4
523 510 207 120 65 68 168 153 98 1 4
523 510 207 0 2 1 9 586 135 2 4
145 291 282 60 476 484 447 123 196 3 2
523 510 522 269 257 90 321 330 416 217 1 4
523 510 518 388 385 353 351 360 6 80 13 4
523 510 207 300 311 90 321 330 416 217 4 4
523 510 522 269 257 121 205 176 190 83 190 6 4
523 510 207 350 577 60 476 484 447 123 196 1 4
523 510 207 350 577 579 578 575 136 133 132 146 59 2 4
