500

588 16 20 2
569 92 54 4
432 120 62 4
430 51 52 4
394 167 15 1
368 112 50 4
305 233 14 1
258 46 45 3
254 101 80 4
221 63 53 4
216 80 23 2
200 148 46 4
196 49 42 4
194 20 38 3
189 190 81 4
180 181 60 4
150 70 89 4
120 175 65 4
101 232 54 3
54 132 115 4
51 210 33 2
46 86 39 3
37 13 62 4
28 99 69 3
588 547 216 15 2
588 306 127 29 2
582 595 195 31 4
582 593 153 29 4
569 220 5 45 4
558 573 43 19 4
558 572 209 43 4
558 571 194 12 4
558 570 79 15 4
555 564 177 29 4
555 562 0 32 4
555 561 97 12 4
526 552 174 30 4
526 549 131 39 4
524 543 222 7 4
524 542 48 50 4
524 541 61 9 4
524 540 38 16 4
524 538 172 41 4
485 515 219 40 4
485 514 18 5 4
485 512 111 5 4
485 511 15 18 4
485 508 39 28 4
480 490 196 2 4
480 489 176 50 4
480 488 4 8 4
432 473 93 15 4
432 434 21 11 4
432 233 72 14 4
430 41 78 45 4
430 25 25 10 4
405 418 14 13 4
405 416 231 21 4
405 415 193 8 4
405 414 24 22 4
405 413 110 34 4
394 329 84 10 1
368 502 57 34 4
305 447 137 9 1
297 311 19 38 4
297 310 213 12 4
258 566 68 19 3
258 341 58 19 3
254 544 64 5 4
254 285 45 40 4
221 448 129 43 4
216 353 105 22 2
200 464 82 33 4
200 358 220 4 4
196 504 76 32 4
196 358 220 36 4
194 250 23 23 3
189 423 40 21 4
189 311 19 22 4
180 356 165 39 4
166 179 116 32 4
166 177 226 36 4
166 176 202 25 4
166 175 189 5 4
150 473 93 26 4
120 542 48 16 4
120 512 111 12 4
120 123 197 4 4
110 132 221 27 4
110 131 185 18 4
101 553 149 23 3
82 95 183 24 4
82 94 191 38 4
82 93 3 27 4
60 70 77 28 4
60 66 170 45 4
60 64 30 16 4
51 348 147 23 2
46 535 141 34 3
37 104 186 37 4
31 40 212 29 4
28 467 95 15 3
28 15 34 7 3
9 148 32 31 1
5 29 235 22 4
3 24 60 28 4
3 23 133 26 4
3 22 145 2 4
3 20 150 15 4
588 580 585 166 7 2
583 335 359 154 2 4
583 235 238 136 26 4
583 225 228 239 11 4
583 225 227 211 26 4
583 55 59 122 16 4
582 597 53 27 23 4
582 596 516 163 16 4
582 595 515 219 6 4
582 593 374 217 5 4
582 435 439 125 15 4
581 487 519 236 17 4
581 273 291 62 3 4
581 273 288 143 3 4
581 242 262 52 3 4
581 242 261 123 36 4
581 145 148 32 10 4
558 574 52 198 11 4
558 572 18 164 5 4
558 559 578 50 4 4
558 385 389 6 16 4
557 568 534 117 1 4
557 559 578 50 3 4
557 559 577 184 20 4
557 375 383 159 4 4
557 375 382 26 10 4
557 375 380 225 14 4
557 240 251 41 5 4
557 240 249 74 15 4
557 63 79 128 1 4
555 560 321 182 10 4
555 560 256 59 17 4
555 2 18 164 25 4
526 551 415 193 4 4
526 522 535 141 6 4
526 522 534 117 4 4
526 521 528 140 5 4
526 387 397 94 7 4
526 272 286 2 13 4
526 272 285 45 4 4
526 272 284 126 13 4
524 539 195 81 2 4
485 511 488 4 13 4
485 505 195 81 16 4
480 491 571 194 7 4
480 483 501 218 17 4
480 212 223 156 9 4
480 211 220 5 9 4
455 460 570 79 18 4
455 456 466 54 1 4
455 456 464 82 7 4
455 388 403 104 15 4
455 388 401 223 2 4
455 240 249 74 11 4
455 240 246 87 4 4
455 205 209 146 28 4
455 205 207 121 8 4
432 597 53 27 14 4
430 87 453 9 8 4
407 361 371 118 8 4
407 361 367 102 1 4
407 61 76 17 3 4
407 61 73 35 12 4
407 61 72 12 3 4
406 522 534 117 31 4
406 409 426 160 25 4
406 330 339 106 16 4
406 330 336 113 13 4
405 417 534 117 2 4
405 417 380 225 7 4
394 386 391 179 6 1
376 386 391 179 2 4
376 385 389 6 11 4
376 375 380 225 33 4
376 375 378 152 8 4
376 271 282 178 11 4
376 271 281 28 5 4
376 270 278 237 2 4
376 270 277 33 3 4
376 270 275 187 13 4
376 105 112 214 22 4
376 105 111 71 12 4
376 55 59 122 1 4
368 361 367 102 9 4
368 309 391 179 4 4
360 580 585 166 19 4
360 450 453 9 14 4
360 436 445 155 14 4
360 436 443 69 3 4
360 363 543 222 10 4
360 165 172 138 21 4
360 135 140 208 18 4
360 55 59 122 11 4
360 1 13 100 2 4
360 1 11 162 6 4
332 235 238 136 17 4
332 235 236 90 9 4
332 160 164 83 12 4
332 160 162 134 11 4
332 160 161 103 13 4
305 295 302 114 4 1
297 301 327 124 2 4
297 301 325 234 8 4
297 299 319 169 34 4
297 298 314 171 5 4
297 169 187 119 23 4
258 242 261 123 5 3
258 242 259 88 1 3
244 482 497 204 2 4
244 333 351 215 5 4
244 333 349 199 19 4
244 267 162 134 2 4
244 243 266 224 8 4
244 243 265 10 5 4
244 242 259 88 15 4
244 210 215 44 34 4
244 108 125 22 20 4
244 108 123 197 4 4
244 108 121 89 6 4
221 69 66 170 29 4
216 210 215 44 8 2
200 192 204 228 13 4
196 190 195 81 12 4
194 190 195 81 16 3
194 190 193 139 1 3
189 496 102 47 1 4
180 356 443 69 9 4
166 521 528 140 1 4
166 179 48 238 4 4
166 176 76 17 17 4
166 135 140 208 1 4
166 135 139 108 3 4
166 135 138 157 1 4
150 422 279 130 1 4
136 525 547 216 1 4
136 525 546 205 20 4
136 525 544 64 2 4
136 522 534 117 10 4
136 387 397 94 18 4
136 271 281 28 8 4
136 271 279 130 4 4
136 226 234 135 11 4
136 226 233 72 11 4
136 32 45 206 2 4
120 542 76 17 2 4
120 107 118 109 15 4
120 107 117 180 4 4
110 298 314 171 1 4
110 133 287 142 15 4
110 132 528 140 6 4
110 131 314 171 13 4
110 108 121 89 19 4
110 106 113 115 2 4
110 83 99 151 20 4
109 225 227 211 3 4
109 129 514 18 22 4
109 108 121 89 14 4
109 106 113 115 21 4
109 105 111 71 8 4
101 84 104 186 5 3
82 385 389 6 1 4
82 145 148 32 2 4
82 94 359 154 7 4
82 93 477 192 1 4
82 92 7 200 11 4
81 226 233 72 25 4
81 168 184 203 2 4
81 168 181 31 2 4
81 135 138 157 13 4
81 84 104 186 17 4
81 84 102 47 1 4
81 80 88 73 4 4
81 33 50 229 6 4
81 33 48 238 16 4
62 459 477 192 3 4
62 435 439 125 8 4
62 210 215 44 2 4
62 205 207 121 4 4
62 77 177 226 10 4
60 331 342 36 7 4
60 80 88 73 11 4
60 67 112 214 11 4
60 65 528 140 7 4
54 114 88 73 10 4
51 34 52 198 7 2
46 32 45 206 7 3
46 32 43 227 6 3
46 32 41 78 3 3
37 30 35 37 18 4
31 450 453 9 3 4
31 34 52 198 25 4
9 1 11 162 4 1
5 245 269 98 9 4
5 135 138 157 10 4
5 135 137 201 15 4
5 29 275 187 16 4
5 0 8 66 22 4
5 0 7 200 19 4
3 21 541 61 28 4
3 20 508 39 3 4
3 1 11 162 8 4
588 306 295 302 114 1 2
583 335 458 474 53 2 4
583 335 375 378 152 6 4
583 146 559 577 184 6 4
583 146 559 575 7 4 4
583 146 2 18 164 6 4
583 146 2 17 65 13 4
583 146 2 16 188 2 4
581 582 435 439 125 7 4
581 582 210 215 44 4 4
581 555 2 16 188 2 4
581 555 2 15 34 9 4
569 558 385 389 6 8 4
569 558 205 207 121 3 4
569 558 205 206 67 13 4
557 568 163 489 176 4 4
557 568 58 64 30 16 4
557 63 523 536 56 13 4
557 63 362 374 217 4 4
557 63 362 373 42 10 4
557 63 78 476 161 5 4
480 483 191 199 96 9 4
480 212 386 391 179 9 4
455 240 375 378 152 2 4
455 240 251 488 4 3 4
455 240 248 549 131 8 4
455 240 247 275 187 10 4
455 240 241 257 173 5 4
455 240 241 256 59 3 4
432 410 147 159 85 2 4
432 410 147 158 107 6 4
432 410 147 157 207 1 4
430 87 80 88 73 7 4
407 485 505 195 81 1 4
407 485 486 517 11 1 4
407 485 486 516 163 11 4
407 485 481 492 1 15 4
407 485 135 137 201 4 4
407 61 205 206 67 5 4
407 61 145 148 32 4 4
407 61 71 349 199 2 4
406 437 2 15 34 18 4
406 409 0 7 200 4 4
406 330 339 88 73 2 4
405 408 457 470 144 3 4
405 408 457 467 95 7 4
405 408 422 279 130 8 4
376 270 272 284 126 2 4
368 502 484 504 76 7 4
368 309 296 307 230 3 4
360 580 591 8 66 5 4
360 580 584 48 238 2 4
332 235 243 265 10 1 4
332 235 239 347 29 1 4
297 456 457 467 95 1 4
297 301 295 302 114 2 4
244 63 78 476 161 2 4
244 55 482 497 204 3 4
200 192 203 76 17 26 4
194 190 361 367 102 4 3
194 190 361 366 75 10 3
180 167 147 157 207 5 4
150 218 433 113 115 5 4
136 525 546 488 4 1 4
136 525 459 477 192 13 4
136 525 459 476 161 8 4
136 387 398 325 234 2 4
136 387 398 76 17 12 4
120 107 118 265 10 2 4
110 55 482 497 204 3 4
110 55 459 476 161 1 4
109 225 331 342 36 6 4
109 225 331 341 58 1 4
109 225 274 293 158 12 4
109 225 83 99 151 1 4
109 160 295 302 114 5 4
109 160 164 367 102 4 4
109 160 163 489 176 1 4
109 129 514 413 110 1 4
109 108 126 453 9 1 4
109 108 126 269 98 7 4
109 106 115 562 0 6 4
109 105 436 443 69 2 4
101 57 471 571 194 16 3
82 334 450 453 9 14 4
81 226 233 215 44 10 4
81 168 457 467 95 5 4
81 168 185 562 0 5 4
81 168 185 561 97 18 4
81 84 450 453 9 1 4
62 301 242 259 88 2 4
62 63 78 476 161 8 4
62 60 65 528 140 4 4
51 348 333 349 199 7 2
51 348 333 347 29 4 2
46 32 42 414 24 6 3
46 32 33 48 238 5 3
37 499 310 279 130 3 4
37 499 310 238 136 3 4
31 225 83 99 151 7 4
31 225 83 98 91 18 4
31 166 135 137 201 8 4
5 245 241 256 59 9 4
5 245 241 255 168 3 4
3 55 459 476 161 4 4
3 21 541 70 77 8 4
583 335 330 339 88 73 5 4
581 582 435 441 538 172 4 4
581 582 55 459 476 161 21 4
581 582 55 58 64 30 1 4
480 212 386 392 195 81 4 4
407 485 486 516 501 218 5 4
407 485 192 203 76 17 7 4
407 82 334 450 452 8 25 4
407 61 205 241 255 168 9 4
406 437 435 441 538 172 14 4
406 437 435 439 325 234 2 4
368 502 484 482 497 204 5 4
368 309 296 308 88 73 13 4
332 410 409 0 7 200 16 4
332 410 408 422 279 130 4 4
332 410 235 239 347 29 1 4
332 360 580 584 48 238 2 4
332 360 270 272 284 126 9 4
258 566 556 559 575 7 1 3
194 190 361 370 181 31 1 3
150 372 303 67 112 214 4 4
136 522 534 392 195 81 2 4
120 107 106 115 562 0 5 4
109 108 106 115 562 0 10 4
62 301 409 0 7 200 3 4
62 301 387 385 389 6 1 4
62 301 295 304 501 218 11 4
62 212 386 392 195 81 12 4
62 160 484 482 497 204 1 4
62 63 523 520 527 55 5 4
62 63 226 233 215 44 4 4
62 61 145 243 265 10 11 4
31 225 456 457 467 95 9 4
31 225 274 292 59 122 4 4
31 225 83 99 18 164 2 4
31 166 521 530 88 73 2 4
31 166 521 298 314 171 5 4
31 160 484 482 497 204 5 4
31 160 295 304 501 218 8 4
3 20 508 363 543 222 3 4
569 449 437 435 439 325 234 2 4
407 485 481 493 249 489 176 4 4
407 82 334 330 339 88 73 5 4
332 360 270 272 283 95 183 9 4
332 360 55 459 478 374 217 9 4
305 447 437 435 439 325 234 5 1
258 566 556 300 323 307 230 1 3
216 353 334 330 339 88 73 6 2
216 353 334 330 337 246 87 7 2
196 358 335 330 337 246 87 3 4
194 250 240 375 436 443 69 3 3
194 250 240 241 253 517 11 4 3
180 167 147 300 323 307 230 7 4
180 167 147 300 322 488 4 1 4
180 167 147 156 572 18 164 4 4
101 57 55 459 478 374 217 2 3
62 301 409 408 422 279 130 5 4
62 212 386 391 546 488 4 19 4
62 63 523 524 539 195 81 2 4
62 61 205 375 436 443 69 1 4
62 61 205 375 380 73 35 1 4
62 61 205 241 253 517 11 6 4
51 348 333 352 114 88 73 1 2
37 30 38 508 363 543 222 2 4
28 399 387 385 389 302 114 2 3
28 5 245 241 253 517 11 3 3
581 555 564 38 508 363 543 222 5 4
430 25 3 20 508 363 543 222 2 4
430 25 3 1 10 514 413 110 1 4
394 329 301 409 408 422 279 130 3 1
332 360 270 160 295 304 501 218 1 4
332 360 270 160 295 304 319 169 2 4
216 353 354 334 330 337 246 87 5 2
62 61 205 375 436 445 8 66 2 4
28 5 245 387 385 389 302 114 2 3
480 483 191 205 375 436 444 238 136 1 4
332 360 270 160 484 482 497 467 95 6 4
332 360 270 160 484 482 496 102 47 2 4
258 566 556 558 190 361 370 181 31 1 3
216 353 354 334 450 454 380 73 35 1 2
216 353 354 334 450 361 370 181 31 1 2
258 566 556 558 205 375 436 444 238 136 1 3
28 5 360 270 160 484 482 496 102 47 2 3
258 566 556 558 205 375 436 446 574 52 198 3 3
