复赛：
-----------I------------
isinit = true
0,3,10,47,49,50,59,71,88,135,141,178,187,214,236,254,255,271,282,321,335,345,352,365,384,385,387,392,401,413,423,426,457,475,477,478,495,511,513,514,523,530,548,577,
costflow : 45661
mincost : 223061
maxFlow : 5806
requiredFlow : 5806
server nodes : 44
mf nums : 6195
mcmf nums : 2227
optimize nums : 12
Open file D:\huawei\results\result310.txt OK.
Cost time : 25962.6ms

isinit = false
2,6,47,49,52,59,71,84,88,119,133,141,166,187,214,220,236,243,254,271,292,301,329,335,344,345,350,365,383,384,387,401,413,423,434,436,487,523,530,539,549,564,589,590,
costflow : 40980
mincost : 222580
maxFlow : 5806
requiredFlow : 5806
server nodes : 44
mf nums : 4662 
mcmf nums : 2645
optimize nums : 11
Open file D:\huawei\results\result310.txt OK.
Cost time : 25489.4ms

修改shrink()结构
3,47,49,59,71,88,98,119,141,187,214,221,236,254,255,271,292,301,324,335,344,345,365,384,387,392,401,413,423,430,433,457,481,514,516,523,530,548,576,577,590,
costflow : 43416
mincost : 220116
maxFlow : 5806
requiredFlow : 5806
server nodes : 41
mf nums : 6113
mcmf nums : 3567
optimize nums : 1
Open file D:\huawei\results\result310.txt OK.
Cost time : 32869.9ms

3,47,49,59,71,88,98,119,141,187,209,214,221,236,254,255,271,292,301,321,324,335,344,345,365,384,387,392,401,413,423,430,433,457,481,514,516,523,530,548,576,577,590,
costflow : 42938
mincost : 219938
maxFlow : 5806
requiredFlow : 5806
server nodes : 43
mf nums : 13216
mcmf nums : 10026
optimize nums : 2
LINUX
----------II------------
4,49,51,78,103,107,112,152,161,193,236,245,273,274,275,278,290,291,314,333,341,343,361,373,390,394,409,435,436,446,458,460,470,497,498,527,532,537,557,582,602,611,615,617,650,656,657,688,700,725,770,806,814,846,847,860,872,894,934,940,950,970,984,993,995,1015,1019,1040,1056,1070,1076,1093,1097,1103,1109,1115,1121,1151,1170,1184,
costflow : 78185
mincost : 440785
maxFlow : 11755
requiredFlow : 11755
server nodes : 80
mf nums : 13766
mcmf nums : 2319
optimize nums : 15
Open file D:\huawei\results\result320.txt OK.
Cost time : 130554ms

修改shrink()结构
22,45,49,77,78,103,112,125,128,142,152,155,161,227,236,242,244,274,290,291,294,306,314,333,341,343,373,389,390,394,436,458,483,495,497,510,521,527,570,578,582,602,610,615,617,650,656,657,682,700,714,752,767,770,771,803,814,832,847,872,894,915,934,940,952,955,970,984,993,995,998,1012,1019,1030,1062,1070,1076,1103,1109,1119,1145,1184,
costflow : 69682
mincost : 435082
maxFlow : 11755
requiredFlow : 11755
server nodes : 82
mf nums : 8928
mcmf nums : 2395
optimize nums : 1
LINUX

修改CostFlow()
22,45,53,55,56,77,78,103,112,132,134,142,152,155,161,177,215,225,236,242,259,274,291,293,295,306,311,314,332,341,343,355,357,373,380,389,390,394,409,411,418,430,436,452,458,465,468,470,495,496,498,537,578,582,586,602,615,617,625,641,643,650,656,700,752,796,814,835,847,872,894,934,940,952,970,984,993,995,1001,1002,1015,1016,1017,1019,1030,1056,1057,1070,1076,1080,1081,1090,1093,1094,1103,1115,1117,1118,1136,1170,1171,1184,1185,1186,1187,
costflow : 1170543
mincost : 405693
maxFlow : 11755
requiredFlow : 11755
server nodes : 105
mf nums : 9831
mcmf nums : 1120
optimize nums : 0

