508

599 85 89 4
598 234 27 2
572 127 22 2
537 70 77 4
526 68 107 4
514 103 41 3
499 133 6 0
482 208 62 4
406 235 28 2
334 61 38 3
321 156 18 1
302 2 73 4
269 21 57 4
265 107 31 4
261 83 33 2
257 56 61 4
235 55 65 4
218 73 44 3
179 7 66 4
173 108 101 4
75 79 78 4
64 137 44 3
47 43 45 3
599 581 11 3 4
599 315 128 12 4
598 194 232 23 2
572 93 124 14 2
550 574 19 21 4
547 557 112 8 4
546 556 104 19 4
537 541 5 20 4
526 90 222 10 4
521 533 209 12 4
521 532 77 16 4
521 530 181 10 4
521 529 218 7 4
521 528 147 24 4
521 527 52 8 4
514 590 152 10 3
514 132 217 17 3
499 303 44 7 0
482 437 8 49 4
472 484 81 38 4
472 483 29 18 4
472 481 134 14 4
472 480 207 34 4
455 462 151 40 4
455 460 155 28 4
455 458 154 15 4
425 433 191 7 4
425 432 148 16 4
425 428 4 27 4
420 423 42 4 4
406 366 117 19 2
373 389 90 23 4
373 388 100 24 4
373 387 130 23 4
373 383 120 20 4
372 382 109 38 4
372 381 196 12 4
372 380 37 7 4
372 379 54 26 4
372 378 16 9 4
334 304 157 39 3
324 517 162 26 2
324 35 97 17 2
321 127 65 8 1
305 315 128 36 4
305 314 59 4 4
305 313 170 14 4
305 311 23 14 4
305 310 101 14 4
302 484 81 20 4
302 477 105 32 4
283 301 72 35 4
269 544 45 16 4
269 187 172 28 4
265 240 146 42 4
265 79 228 35 4
261 536 183 7 2
257 356 168 43 4
257 342 202 1 4
235 560 13 21 4
218 404 49 32 3
218 304 157 5 3
181 194 232 8 4
181 193 3 5 4
181 190 214 14 4
181 189 175 8 4
181 188 142 22 4
179 339 36 39 4
173 538 231 11 4
173 193 3 10 4
75 60 211 42 4
64 217 38 8 3
64 112 198 16 3
50 58 192 13 4
50 57 35 12 4
50 56 239 13 4
50 55 159 24 4
50 54 116 20 4
47 588 126 25 3
47 367 92 6 3
16 26 106 37 4
599 474 273 141 21 4
598 579 595 227 6 2
572 549 570 166 6 2
550 574 532 77 19 4
550 548 567 119 14 4
550 548 566 189 9 4
550 548 564 135 7 4
550 1 9 153 7 4
550 1 8 199 7 4
547 575 583 94 2 4
547 575 581 11 3 4
547 561 40 138 29 4
547 559 466 111 6 4
547 559 464 24 3 4
547 548 564 135 1 4
547 465 467 221 10 4
547 465 466 111 21 4
547 251 266 40 21 4
546 555 484 81 9 4
546 554 383 120 12 4
546 549 570 166 32 4
546 545 551 136 10 4
546 390 399 229 5 4
546 95 96 20 2 4
537 523 540 64 6 4
521 522 534 10 16 4
521 208 238 110 5 4
521 20 42 121 1 4
514 494 511 237 11 3
499 495 60 211 3 0
491 493 507 122 9 4
491 492 503 205 17 4
491 492 501 32 4 4
491 252 273 141 9 4
491 122 135 82 21 4
491 17 30 176 13 4
472 473 487 26 9 4
472 471 478 51 12 4
470 473 487 26 12 4
470 465 466 111 8 4
470 280 288 225 4 4
470 280 287 86 25 4
470 255 279 99 5 4
470 1 8 199 8 4
470 1 6 15 2 4
455 461 339 36 21 4
455 441 451 115 2 4
455 441 449 185 1 4
455 440 445 33 3 4
455 203 223 212 2 4
455 100 106 53 6 4
455 86 94 89 1 4
455 1 6 15 6 4
426 349 367 92 18 4
426 327 337 215 7 4
426 200 210 102 10 4
426 151 160 74 1 4
426 122 135 82 1 4
426 122 134 179 21 4
425 575 581 11 1 4
425 433 145 144 1 4
425 431 483 29 21 4
425 429 89 190 6 4
425 428 9 153 4 4
425 427 438 223 3 4
425 86 94 89 39 4
420 575 581 11 21 4
420 575 580 171 10 4
420 345 356 168 2 4
420 345 353 132 15 4
420 183 198 184 16 4
420 183 197 57 4 4
420 154 174 84 9 4
420 154 172 48 6 4
420 121 130 224 17 4
420 120 126 63 1 4
406 392 409 67 11 2
406 392 408 216 5 2
393 395 419 174 2 4
393 394 415 98 3 4
393 394 413 186 18 4
393 392 408 216 3 4
393 390 399 229 25 4
393 390 397 230 19 4
393 255 279 99 13 4
373 515 518 238 3 4
373 384 126 63 8 4
373 183 197 57 22 4
372 347 362 88 16 4
372 347 361 50 1 4
372 340 344 169 5 4
348 575 580 171 6 4
348 456 464 24 6 4
348 427 438 223 1 4
348 427 436 14 17 4
348 345 353 132 2 4
348 340 344 169 6 4
348 340 342 202 10 4
348 180 187 172 21 4
348 180 186 195 15 4
348 180 185 160 6 4
348 101 108 18 2 4
348 101 107 69 16 4
346 441 449 185 16 4
346 441 448 62 11 4
346 357 187 172 9 4
346 347 361 50 2 4
346 347 358 9 29 4
346 345 353 132 2 4
346 345 352 46 8 4
346 345 351 78 20 4
346 345 350 145 4 4
346 102 114 149 21 4
346 86 94 89 1 4
334 326 335 76 3 3
334 326 332 6 10 3
334 326 331 114 2 3
325 327 337 215 15 4
325 121 130 224 7 4
325 72 84 187 7 4
325 71 81 158 25 4
325 71 79 228 1 4
325 51 62 39 2 4
321 111 480 207 4 1
308 515 518 238 12 4
308 515 517 162 17 4
308 515 516 219 14 4
308 440 445 33 5 4
308 440 443 226 21 4
308 323 517 162 2 4
308 284 303 44 4 4
308 155 178 123 5 4
308 155 176 173 17 4
305 575 580 171 5 4
305 315 43 150 1 4
305 15 24 188 12 4
305 15 23 80 12 4
283 471 478 51 1 4
283 345 350 145 16 4
283 327 337 215 3 4
283 301 6 15 12 4
283 300 43 150 14 4
283 298 287 86 7 4
283 282 293 25 4 4
283 282 292 95 12 4
283 280 287 86 12 4
269 99 144 233 16 4
254 345 350 145 6 4
254 340 342 202 6 4
254 276 148 91 6 4
254 252 273 141 13 4
254 252 270 87 13 4
254 0 5 163 11 4
253 456 464 24 27 4
253 442 454 34 2 4
253 255 279 99 2 4
253 85 90 222 23 4
253 70 74 180 23 4
235 228 452 201 11 4
235 207 233 71 20 4
235 207 232 31 8 4
218 202 219 143 8 3
218 202 217 38 8 3
218 202 216 182 2 3
205 280 287 86 2 4
205 226 337 215 10 4
205 209 247 27 11 4
205 209 245 177 18 4
205 209 244 161 18 4
205 207 232 31 13 4
205 203 223 212 8 4
205 202 216 182 17 4
205 201 215 203 10 4
205 201 213 193 6 4
205 201 212 96 12 4
204 576 587 1 20 4
204 209 244 161 6 4
204 209 242 204 23 4
204 203 223 212 2 4
204 203 221 58 4 4
204 201 212 96 1 4
181 180 184 0 7 4
181 72 84 187 34 4
152 395 419 174 24 4
152 164 88 125 27 4
152 154 172 48 28 4
152 154 171 194 15 4
152 151 160 74 4 4
124 125 149 167 4 4
124 125 148 91 29 4
124 125 145 144 14 4
124 123 136 129 8 4
124 17 30 176 28 4
124 17 29 28 10 4
124 0 5 163 8 4
103 456 464 24 4 4
103 441 448 62 1 4
103 119 293 25 21 4
103 117 487 26 13 4
75 450 94 89 5 4
64 112 378 16 16 3
64 52 67 22 5 3
50 442 454 34 21 4
50 442 453 140 1 4
50 102 114 149 10 4
47 21 44 41 23 3
16 27 219 143 19 4
16 26 388 100 11 4
16 18 32 206 19 4
16 17 29 28 8 4
598 579 577 589 213 6 2
598 579 576 587 1 3 2
598 579 576 586 164 4 2
572 93 85 90 222 16 2
572 13 2 11 47 5 2
550 490 498 24 188 24 4
550 490 497 570 166 2 4
550 490 497 484 81 3 4
550 490 495 60 211 10 4
547 251 263 160 74 18 4
547 251 123 136 129 3 4
546 545 151 160 74 4 4
546 545 151 159 139 6 4
546 95 180 184 0 5 4
537 541 523 540 64 12 4
537 97 357 187 172 10 4
526 520 2 11 47 8 4
521 522 535 190 214 18 4
521 522 523 540 64 4 4
521 522 523 538 231 4 4
514 494 340 342 202 18 3
514 494 125 145 144 2 3
491 579 280 287 86 3 4
491 579 280 285 131 2 4
491 494 125 145 144 2 4
491 494 2 11 47 2 4
491 493 506 144 233 15 4
482 472 471 478 51 5 4
482 437 427 436 14 1 4
470 493 506 144 233 4 4
470 493 505 114 149 2 4
470 473 488 462 151 8 4
470 473 208 238 110 8 4
470 465 576 586 164 4 4
470 465 576 585 220 12 4
470 465 576 584 17 14 4
470 455 1 6 15 4 4
426 524 395 419 174 1 4
426 349 548 564 135 14 4
426 122 134 160 74 7 4
420 150 158 244 161 3 4
420 150 156 532 77 2 4
420 120 123 136 129 10 4
420 95 180 184 0 5 4
393 392 407 487 26 10 4
372 465 576 584 17 5 4
372 382 360 413 186 3 4
372 53 183 197 57 3 4
348 363 63 149 167 7 4
348 101 111 480 207 10 4
346 349 548 564 135 2 4
334 326 20 42 121 8 3
325 473 208 238 110 19 4
325 473 208 237 12 14 4
325 326 20 42 121 5 4
325 326 20 41 236 22 4
325 95 180 184 0 5 4
325 51 61 211 178 3 4
324 35 18 32 206 7 2
321 307 322 176 173 8 1
308 284 71 79 228 25 4
308 284 71 77 60 1 4
308 155 154 171 194 2 4
305 575 395 419 174 8 4
305 575 395 418 93 4 4
305 15 281 290 210 1 4
283 282 295 171 194 9 4
269 99 33 292 95 8 4
265 251 123 136 129 4 4
261 250 471 478 51 22 2
261 250 471 477 105 7 2
257 250 471 477 105 6 4
257 250 256 126 63 2 4
254 276 338 432 148 10 4
254 252 273 215 203 1 4
254 252 272 84 187 1 4
254 252 270 215 203 8 4
254 252 206 231 75 6 4
254 53 183 197 57 3 4
254 53 154 171 194 11 4
253 522 523 538 231 2 4
253 70 74 293 25 5 4
253 70 71 77 60 11 4
204 349 548 564 135 2 4
204 349 153 169 113 14 4
204 207 234 176 173 3 4
204 202 220 413 186 11 4
204 201 209 242 204 6 4
181 252 206 231 75 13 4
181 72 306 317 118 2 4
179 299 104 96 20 8 4
179 155 154 171 194 12 4
173 193 26 388 100 3 4
152 465 576 584 17 8 4
152 155 154 171 194 4 4
152 155 154 170 30 8 4
152 95 180 184 0 5 4
103 465 576 584 17 1 4
103 465 469 11 47 8 4
103 465 468 337 215 6 4
103 465 182 196 165 4 4
103 465 1 6 15 6 4
103 456 395 418 93 2 4
103 441 578 593 66 7 4
103 441 125 145 144 10 4
103 441 125 144 233 11 4
64 52 442 453 140 11 3
50 102 116 88 125 7 4
16 326 20 41 236 8 4
16 326 20 40 138 2 4
16 326 20 39 197 1 4
16 27 219 190 214 9 4
550 490 495 60 581 11 2 4
546 554 531 111 480 207 11 4
546 554 531 111 478 51 10 4
514 132 122 134 160 74 1 3
499 490 495 60 415 98 3 0
499 490 95 180 184 0 1 0
491 579 280 286 350 145 3 4
491 420 95 180 184 0 2 4
491 420 95 86 94 89 1 4
491 325 51 61 211 178 9 4
482 36 19 85 90 222 1 4
482 36 19 85 88 125 2 4
482 36 19 38 518 238 5 4
470 455 100 105 415 98 5 4
426 579 280 286 350 145 10 4
426 524 307 322 176 173 2 4
426 524 122 134 160 74 5 4
426 524 95 86 94 89 2 4
426 524 95 85 88 125 6 4
426 524 70 71 77 60 1 4
426 455 100 105 415 98 1 4
406 366 591 577 589 213 2 2
393 394 412 301 6 15 5 4
393 394 70 71 77 60 2 4
393 392 407 487 172 48 4 4
393 346 347 360 413 186 10 4
373 455 100 105 415 98 2 4
324 308 155 154 170 30 2 2
265 251 123 138 388 100 13 4
261 536 522 523 538 231 5 2
257 250 471 479 145 144 4 4
257 250 258 104 96 20 8 4
254 345 347 360 413 186 6 4
254 345 347 360 317 118 10 4
254 53 183 197 43 150 5 4
253 492 493 505 114 149 4 4
253 492 101 111 478 51 8 4
253 492 101 111 148 91 5 4
253 492 52 442 452 201 7 4
253 492 52 86 94 89 2 4
218 304 284 71 77 60 1 3
204 349 548 563 423 42 1 4
204 201 209 247 171 194 4 4
204 201 209 208 237 12 13 4
204 201 209 203 221 58 1 4
152 472 471 479 145 144 2 4
124 0 284 71 77 60 2 4
124 0 100 105 415 98 21 4
103 465 307 322 176 173 2 4
103 465 153 168 133 200 2 4
103 456 280 286 350 145 17 4
103 441 125 144 213 193 7 4
50 102 115 479 145 144 4 4
16 326 340 442 452 201 11 4
491 420 549 569 298 287 86 12 4
491 420 549 545 151 159 139 1 4
426 524 95 493 505 114 149 1 4
426 524 95 99 33 292 95 12 4
426 524 95 85 90 196 165 5 4
406 366 349 548 563 423 42 1 2
406 366 349 548 563 196 165 1 2
406 366 349 153 168 133 200 6 2
406 366 129 506 144 213 193 1 2
393 346 494 340 442 452 201 6 4
393 346 349 153 168 133 200 5 4
324 308 515 493 505 114 149 3 2
324 308 515 70 71 77 60 1 2
324 35 18 576 578 593 66 6 2
254 53 68 146 322 176 173 9 4
253 492 494 340 442 452 201 2 4
253 255 349 153 168 133 200 2 4
204 205 201 209 203 221 58 5 4
181 72 306 307 322 176 173 1 4
124 0 456 280 286 350 145 1 4
103 441 125 146 322 176 173 3 4
47 21 18 576 578 593 66 1 3
324 308 515 70 71 79 478 51 1 2
324 308 155 70 71 79 478 51 1 2
204 205 202 216 569 298 287 86 2 4
204 205 201 209 203 224 350 145 6 4
181 252 95 180 184 116 88 125 11 4
204 205 201 209 203 224 350 423 42 1 4
